az41 0 10 0.511
az47 0 10 0.133
az56 0 10 0.000
az66 0 10 0.056
az68 0 10 0.023
az73 0 10 0.107
az91 0 10 0.071
az93 0 10 0.025
az102 0 10 0.021
az103 0 10 0.023
az109 0 10 0.035
az110 0 10 0.018
az121 0 10 0.122
az127 0 10 0.227
az134 0 10 0.126
az144 0 10 0.067
az153 0 10 0.048
az156 0 10 0.000
az166 0 10 0.125
az167 0 10 0.044
az168 0 10 0.108
az173 0 10 0.094
az179 0 10 0.391
az193 0 10 0.023
az195 0 10 0.012
az199 0 10 0.099
az204 0 10 0.029
az206 0 10 0.022
az213 0 10 0.011
az214 0 10 0.001
az218 0 10 0.000
az221 0 10 0.030
az226 0 10 0.023
az227 0 10 0.010
az230 0 10 0.095
az231 0 10 0.016
az245 0 10 0.087
az246 0 10 0.300
az247 0 10 0.036
az250 0 10 0.040
az251 0 10 0.042
az253 0 10 0.062
az256 0 10 0.083
az264 0 10 0.000
az268 0 10 0.000
az269 0 10 0.048
az278 0 10 0.000
az283 0 10 0.278
az284 0 10 0.042
az285 0 10 0.025
az291 0 10 0.027
az295 0 10 0.003
az296 0 10 0.020
az298 0 10 0.042
az303 0 10 0.015
az304 0 10 0.000
az305 0 10 0.059
az306 0 10 0.014
az309 0 10 0.031
az310 0 10 0.026
az312 0 10 0.056
az321 0 10 0.011
az328 0 10 0.091
az335 0 10 0.027
az337 0 10 0.083
az347 0 10 0.007
az348 0 10 0.000
az350 0 10 0.063
az351 0 10 0.012
az355 0 10 0.006
az356 0 10 0.000
az358 0 10 0.017
az360 0 10 0.030
az369 0 10 0.013
az370 0 10 0.009
az371 0 10 0.012
az375 0 10 0.041
az379 0 10 0.019
az383 0 10 0.049
az387 0 10 0.033
az390 0 10 0.009
az392 0 10 0.071
az396 0 10 0.045
az399 0 10 0.000
az405 0 10 0.012
az408 0 10 0.000
az410 0 10 0.010
az414 0 10 0.043
az433 0 10 0.000
az442 0 10 0.203
az444 0 10 0.013
az450 0 10 0.130
az453 0 10 0.020
az470 0 10 0.022
az477 0 10 0.010
az478 0 10 0.000
az479 0 10 0.040
az481 0 10 0.000
az483 0 10 0.014
az484 0 10 0.250
az486 0 10 0.013
az487 0 10 0.019
az488 0 10 0.015
az493 0 10 0.025
az494 0 10 0.017
az501 0 10 0.000
az505 0 10 0.038
az509 0 10 0.160
az516 0 10 0.020
az518 0 10 0.061
az520 0 10 0.003
az521 0 10 0.019
az522 0 10 0.000
az523 0 10 0.017
az525 0 10 0.023
az527 0 10 0.012
az528 0 10 0.000
az529 0 10 0.000
az536 0 10 0.006
az539 0 10 0.010
az543 0 10 0.020
az544 0 10 0.040
az550 0 10 0.014
az551 0 10 0.020
az558 0 10 0.031
az559 0 10 0.008
az560 0 10 0.016
az561 0 10 0.012
az571 0 10 0.074
az572 0 10 0.071
az578 0 10 0.058
az586 0 10 0.023
az591 0 10 0.007
az593 0 10 0.005
az594 0 10 0.003
az599 0 10 0.006
az607 0 10 0.000
az608 0 10 0.020
az609 0 10 0.000
az613 0 10 0.125
az620 0 10 0.000
az622 0 10 0.117
az624 0 10 0.000
az628 0 10 0.000
az631 0 10 0.006
az645 0 10 0.000
az647 0 10 0.000
az648 0 10 0.000
az649 0 10 0.000
az651 0 10 0.028
az652 0 10 0.010
az653 0 10 0.022
az654 0 10 0.006
az656 0 10 0.000
az657 0 10 0.037
az661 0 10 0.091
az664 0 10 0.010
az670 0 10 0.015
az674 0 10 0.019
az678 0 10 0.013
az681 0 10 0.002
az683 0 10 0.000
az685 0 10 0.038
az689 0 10 0.028
az694 0 10 0.000
az695 0 10 0.067
az696 0 10 0.000
az699 0 10 0.026
az700 0 10 0.050
az701 0 10 0.019
az706 0 10 0.000
az708 0 10 0.027
az726 0 10 0.024
az730 0 10 0.008
az734 0 10 0.025
az735 0 10 0.000
az737 0 10 0.006
az743 0 10 0.000
az748 0 10 0.087
az751 0 10 0.162
az753 0 10 0.000
az757 0 10 0.273
az760 0 10 0.038
az762 0 10 0.053
az765 0 10 0.022
az768 0 10 0.027
az775 0 10 0.029
az783 0 10 0.005
az787 0 10 0.039
az788 0 10 0.019
az789 0 10 0.014
az793 0 10 0.019
az796 0 10 0.045
az797 0 10 0.003
az798 0 10 0.000
az799 0 10 0.000
az800 0 10 0.009
az801 0 10 0.008
az810 0 10 0.091
az814 0 10 0.001
az818 0 10 0.000
az826 0 10 0.043
az829 0 10 0.001
az831 0 10 0.000
az832 0 10 0.000
az833 0 10 0.026
az834 0 10 0.003
az845 0 10 0.000
az850 0 10 0.000
az853 0 10 0.025
az860 0 10 0.100
az865 0 10 0.006
az867 0 10 0.014
az868 0 10 0.000
az869 0 10 0.001
az873 0 10 0.017
az875 0 10 0.005
az876 0 10 0.005
az877 0 10 0.000
az882 0 10 0.014
az884 0 10 0.000
az886 0 10 0.012
az888 0 10 0.042
az890 0 10 0.004
az893 0 10 0.011
az897 0 10 0.026
az901 0 10 0.011
az902 0 10 0.000
az909 0 10 0.000
az910 0 10 0.000
az912 0 10 0.000
az914 0 10 0.000
az920 0 10 0.016
az924 0 10 0.033
az927 0 10 0.030
az928 0 10 0.021
az935 0 10 0.075
az936 0 10 0.047
az941 0 10 0.000
az943 0 10 0.000
az944 0 10 0.013
az947 0 10 0.007
az948 0 10 0.021
az949 0 10 0.004
az950 0 10 0.000
az952 0 10 0.031
az953 0 10 0.000
az954 0 10 0.000
az958 0 10 0.010
az959 0 10 0.000
az960 0 10 0.037
az962 0 10 0.000
az963 0 10 0.000
az964 0 10 0.026
az977 0 10 0.000
az981 0 10 0.046
az992 0 10 0.012
az993 0 10 0.004
az994 0 10 0.035
az995 0 10 0.000
az996 0 10 0.010
az1001 0 10 0.000
az1004 0 10 0.020
az1007 0 10 0.017
az1015 0 10 0.048
az1020 0 10 0.025
az1025 0 10 0.011
az1026 0 10 0.000
az1027 0 10 0.006
az1028 0 10 0.000
az1029 0 10 0.000
az1039 0 10 0.009
az1042 0 10 0.000
az1043 0 10 0.049
az1052 0 10 0.006
az1053 0 10 0.030
az1056 0 10 0.025
az1058 0 10 0.010
az1061 0 10 0.055
az1062 0 10 0.100
az1078 0 10 0.024
az1079 0 10 0.008
az1080 0 10 0.010
az1085 0 10 0.021
az1087 0 10 0.010
az1088 0 10 0.000
az1093 0 10 0.025
az1094 0 10 0.000
az1096 0 10 0.016
az1097 0 10 0.023
az1105 0 10 0.040
az1106 0 10 0.040
az1108 0 10 0.029
az1109 0 10 0.038
az1111 0 10 0.023
az1112 0 10 0.014
az1117 0 10 0.012
az1119 0 10 0.000
az1120 0 10 0.161
az1127 0 10 0.030
az1129 0 10 0.024
az1133 0 10 0.000
az1134 0 10 0.004
az1135 0 10 0.029
az1136 0 10 0.011
az1142 0 10 0.000
az1143 0 10 0.077
az1145 0 10 0.037
az1149 0 10 0.065
az1158 0 10 0.035
az1166 0 10 0.008
az1171 0 10 0.000
az1174 0 10 0.008
az1175 0 10 0.032
az1176 0 10 0.000
az1177 0 10 0.000
az1181 0 10 0.011
az1182 0 10 0.000
az1186 0 10 0.000
az1187 0 10 0.031
az1188 0 10 0.016
az1190 0 10 0.027
az1191 0 10 0.034
az1209 0 10 0.010
az1213 0 10 0.000
az1214 0 10 0.027
az1217 0 10 0.028
az1219 0 10 0.000
az1220 0 10 0.005
az1221 0 10 0.032
az1223 0 10 0.026
az1233 0 10 0.008
az1235 0 10 0.032
az1236 0 10 0.001
az1240 0 10 0.037
az1241 0 10 0.021
az1242 0 10 0.012
az1248 0 10 0.043
az1249 0 10 0.023
az1250 0 10 0.068
az1252 0 10 0.042
az1254 0 10 0.015
az1258 0 10 0.009
az1264 0 10 0.050
az1269 0 10 0.012
az1271 0 10 0.025
az1272 0 10 0.007
az1273 0 10 0.032
az1274 0 10 0.015
az1278 0 10 0.014
az1280 0 10 0.002
az1281 0 10 0.028
az1283 0 10 0.008
az1284 0 10 0.022
az1285 0 10 0.030
az1286 0 10 0.029
az1289 0 10 0.027
az1294 0 10 0.000
az1295 0 10 0.000
az1307 0 10 0.017
az1308 0 10 0.024
az1309 0 10 0.061
az1318 0 10 0.009
az1320 0 10 0.011
az1323 0 10 0.013
az1324 0 10 0.033
az1325 0 10 0.002
az1328 0 10 0.007
az1330 0 10 0.009
az1341 0 10 0.019
az1342 0 10 0.012
az1346 0 10 0.000
az1348 0 10 0.000
az1350 0 10 0.011
az1351 0 10 0.000
az1354 0 10 0.021
az1358 0 10 0.036
az1359 0 10 0.000
az1360 0 10 0.014
az1364 0 10 0.014
az1365 0 10 0.067
az1368 0 10 0.039
az1370 0 10 0.000
az1371 0 10 0.044
az1374 0 10 0.000
az1377 0 10 0.018
az1378 0 10 0.000
az1379 0 10 0.023
az1380 0 10 0.026
az1381 0 10 0.039
az1384 0 10 0.011
az1389 0 10 0.009
az1394 0 10 0.022
az1395 0 10 0.000
az1397 0 10 0.017
az1398 0 10 0.001
az1399 0 10 0.006
az1400 0 10 0.000
az1414 0 10 0.032
az1419 0 10 0.020
az1421 0 10 0.074
az1423 0 10 0.031
az1424 0 10 0.000
az1426 0 10 0.154
az1427 0 10 0.018
az1428 0 10 0.033
az1431 0 10 0.000
az1432 0 10 0.022
az1434 0 10 0.011
az1437 0 10 0.022
az1440 0 10 0.044
az1447 0 10 0.012
az1454 0 10 0.022
az1456 0 10 0.004
az1457 0 10 0.000
az1458 0 10 0.006
az1459 0 10 0.053
az1461 0 10 0.009
az1463 0 10 0.059
az1467 0 10 0.070
az1468 0 10 0.000
az1469 0 10 0.022
az1470 0 10 0.091
az1480 0 10 0.017
az1484 0 10 0.004
az1485 0 10 0.025
az1490 0 10 0.000
az1491 0 10 0.000
az1492 0 10 0.040
az1494 0 10 0.000
az1495 0 10 0.000
az1497 0 10 0.000
az1498 0 10 0.088
az1504 0 10 0.087
az1507 0 10 0.000
az1512 0 10 0.000
az1515 0 10 0.030
az1516 0 10 0.020
az1517 0 10 0.019
az1519 0 10 0.045
az1520 0 10 0.006
az1524 0 10 0.038
az1525 0 10 0.031
az1527 0 10 0.036
az1529 0 10 0.026
az1530 0 10 0.000
az1532 0 10 0.000
az1534 0 10 0.000
az1535 0 10 0.000
az1539 0 10 0.000
az1541 0 10 0.040
az1548 0 10 0.000
az1549 0 10 0.013
az1551 0 10 0.048
az1552 0 10 0.010
az1554 0 10 0.033
az1557 0 10 0.038
az1558 0 10 0.000
az1559 0 10 0.020
az1562 0 10 0.012
az1565 0 10 0.005
az1584 0 10 0.015
az1585 0 10 0.000
az1586 0 10 0.019
az1587 0 10 0.000
az1588 0 10 0.000
az1590 0 10 0.016
az1591 0 10 0.000
az1593 0 10 0.016
az1594 0 10 0.006
az1597 0 10 0.000
az1599 0 10 0.014
az1601 0 10 0.034
az1603 0 10 0.039
az1605 0 10 0.014
az1606 0 10 0.000
az1607 0 10 0.024
az1609 0 10 0.005
az1610 0 10 0.027
az1611 0 10 0.032
az1614 0 10 0.000
az1616 0 10 0.025
az1617 0 10 0.026
az1619 0 10 0.007
az1620 0 10 0.025
az1621 0 10 0.027
az1622 0 10 0.023
az1623 0 10 0.028
az1624 0 10 0.015
az1625 0 10 0.025
az1626 0 10 0.034
az1627 0 10 0.027
az1629 0 10 0.018
az1630 0 10 0.000
az1632 0 10 0.032
az1633 0 10 0.029
az1636 0 10 0.000
az1638 0 10 0.038
az1639 0 10 0.030
az1640 0 10 0.000
az1641 0 10 0.048
az1642 0 10 0.033
az1644 0 10 0.000
az1645 0 10 0.099
az1646 0 10 0.000
az1650 0 10 0.015
az1651 0 10 0.013
az1654 0 10 0.067
az1656 0 10 0.023
az1657 0 10 0.025
az1659 0 10 0.034
az1661 0 10 0.027
az1663 0 10 0.009
az1664 0 10 0.000
az1667 0 10 0.000
az1670 0 10 0.011
az1671 0 10 0.036
az1674 0 10 0.023
az1676 0 10 0.100
az1677 0 10 0.000
az1682 0 10 0.000
az1683 0 10 0.005
az1685 0 10 0.011
az1687 0 10 0.040
az1689 0 10 0.065
az1692 0 10 0.023
az1696 0 10 0.003
az1697 0 10 0.069
az1699 0 10 0.083
az1700 0 10 0.000
az1715 0 10 0.000
az1718 0 10 0.034
az1722 0 10 0.013
az1723 0 10 0.000
az1726 0 10 0.038
az1731 0 10 0.033
az1732 0 10 0.000
az1733 0 10 0.031
az1737 0 10 0.062
az1738 0 10 0.021
az1740 0 10 0.051
az1741 0 10 0.000
az1743 0 10 0.011
az1744 0 10 0.091
az1745 0 10 0.013
az1746 0 10 0.065
az1747 0 10 0.019
az1749 0 10 0.000
az1750 0 10 0.012
az1752 0 10 0.017
az1753 0 10 0.111
az1754 0 10 0.021
az1755 0 10 0.034
az1758 0 10 0.023
az1759 0 10 0.027
az1760 0 10 0.000
az1761 0 10 0.025
az1762 0 10 0.000
az1763 0 10 0.014
az1764 0 10 0.020
az1765 0 10 0.067
az1767 0 10 0.100
az1768 0 10 0.018
az1769 0 10 0.023
az1770 0 10 0.038
az1771 0 10 0.010
az1772 0 10 0.088
az1773 0 10 0.000
az1774 0 10 0.009
az1776 0 10 0.000
az1777 0 10 0.017
az1778 0 10 0.021
az1779 0 10 0.037
az1780 0 10 0.037
az1781 0 10 0.000
az1782 0 10 0.008
az1785 0 10 0.053
az1786 0 10 0.025
az1787 0 10 0.009
az1789 0 10 0.000
az1790 0 10 0.021
az1791 0 10 0.000
az1792 0 10 0.057
az1793 0 10 0.009
az1794 0 10 0.000
az1796 0 10 0.018
az1797 0 10 0.000
az1798 0 10 0.010
az1799 0 10 0.023
az1800 0 10 0.000
az1801 0 10 0.031
az1802 0 10 0.019
az1803 0 10 0.018
az1804 0 10 0.036
az1805 0 10 0.050
az1806 0 10 0.039
az1807 0 10 0.030
az1818 0 10 0.002
az1819 0 10 0.031
az1820 0 10 0.041
az1821 0 10 0.025
az1822 0 10 0.029
az1824 0 10 0.021
az1825 0 10 0.020
az1828 0 10 0.000
az1832 0 10 0.020
az1833 0 10 0.000
az1834 0 10 0.078
az1835 0 10 0.036
az1836 0 10 0.063
az1839 0 10 0.022
az1841 0 10 0.057
az1842 0 10 0.021
az1843 0 10 0.029
az1844 0 10 0.026
az1845 0 10 0.000
az1847 0 10 0.014
az1848 0 10 0.000
az1850 0 10 0.000
az1851 0 10 0.016
az1852 0 10 0.019
az1853 0 10 0.022
az1854 0 10 0.014
az1855 0 10 0.051
az1856 0 10 0.026
az1857 0 10 0.024
az1858 0 10 0.035
az1859 0 10 0.032
az1860 0 10 0.025
az1861 0 10 0.023
az1862 0 10 0.000
az1863 0 10 0.023
az1864 0 10 0.033
az1867 0 10 0.024
az1868 0 10 0.009
az1869 0 10 0.011
az1871 0 10 0.051
az1872 0 10 0.019
az1873 0 10 0.029
az1874 0 10 0.100
az1875 0 10 0.023
az1876 0 10 0.027
az1878 0 10 0.039
az1879 0 10 0.006
az1880 0 10 0.000
az1881 0 10 0.000
az1882 0 10 0.014
az1883 0 10 0.031
az1894 0 10 0.000
az1897 0 10 0.021
az1898 0 10 0.035
az1899 0 10 0.000
az1900 0 10 0.031
az1901 0 10 0.015
az1902 0 10 0.033
az1903 0 10 0.010
az1904 0 10 0.071
az1906 0 10 0.021
az1907 0 10 0.031
az1908 0 10 0.032
az1909 0 10 0.033
az1910 0 10 0.061
az1911 0 10 0.030
az1912 0 10 0.024
az1914 0 10 0.000
az1915 0 10 0.024
az1916 0 10 0.023
az1917 0 10 0.013
az1918 0 10 0.022
az1919 0 10 0.025
az1921 0 10 0.017
az1922 0 10 0.029
az1923 0 10 0.030
az1924 0 10 0.000
az1925 0 10 0.027
az1926 0 10 0.000
az1927 0 10 0.056
az1928 0 10 0.021
az1929 0 10 0.028
az1931 0 10 0.015
az1933 0 10 0.029
az1934 0 10 0.019
az1936 0 10 0.040
az1937 0 10 0.017
az1938 0 10 0.027
az1949 0 10 0.013
az1950 0 10 0.035
az1951 0 10 0.021
az1952 0 10 0.018
az1953 0 10 0.000
az1954 0 10 0.034
az1955 0 10 0.000
az1956 0 10 0.023
az1957 0 10 0.028
az1958 0 10 0.000
az1959 0 10 0.014
az1960 0 10 0.026
az1961 0 10 0.017
az1962 0 10 0.010
az1963 0 10 0.016
az1964 0 10 0.009
az1965 0 10 0.007
az1967 0 10 0.040
az1968 0 10 0.067
az1969 0 10 0.043
az1970 0 10 0.022
az1971 0 10 0.025
az1983 0 10 0.017
az1984 0 10 0.004
az1985 0 10 0.048
az1986 0 10 0.023
az1987 0 10 0.017
az1988 0 10 0.025
az1989 0 10 0.013
az2001 0 10 0.012
