az18 0 10 1.000
az33 0 10 0.357
az42 0 10 0.985
az45 0 10 0.957
az46 0 10 0.833
az47 0 10 0.867
az48 0 10 0.907
az49 0 10 0.104
az50 0 10 0.798
az51 0 10 0.601
az63 0 10 0.918
az85 0 10 0.680
az86 0 10 0.056
az87 0 10 0.969
az88 0 10 0.958
az89 0 10 0.648
az90 0 10 0.235
az91 0 10 0.866
az92 0 10 0.957
az93 0 10 0.725
az94 0 10 0.200
az95 0 10 0.087
az96 0 10 0.840
az97 0 10 0.114
az98 0 10 0.524
az99 0 10 0.093
az100 0 10 0.842
az101 0 10 0.634
az102 0 10 0.960
az125 0 10 0.390
az128 0 10 0.862
az134 0 10 0.556
az135 0 10 0.137
az136 0 10 0.072
az137 0 10 0.119
az138 0 10 0.132
az159 0 10 0.362
az162 0 10 0.403
az184 0 10 0.874
az190 0 10 0.881
az254 0 10 0.200
az258 0 10 0.071
az266 0 10 0.333
az273 0 10 0.130
az275 0 10 0.114
az279 0 10 0.052
az280 0 10 0.177
az281 0 10 0.584
az283 0 10 0.197
az286 0 10 0.075
az293 0 10 0.415
az297 0 10 0.718
az305 0 10 0.748
az307 0 10 0.965
az308 0 10 0.722
az311 0 10 0.976
az312 0 10 0.822
az313 0 10 0.270
az314 0 10 0.662
az316 0 10 0.261
az318 0 10 0.367
az325 0 10 0.865
az326 0 10 0.832
az330 0 10 0.068
az336 0 10 0.024
az338 0 10 0.357
az343 0 10 0.060
az344 0 10 0.182
az345 0 10 0.575
az346 0 10 0.224
az349 0 10 0.910
az351 0 10 0.918
az353 0 10 0.734
az354 0 10 0.653
az355 0 10 0.684
az356 0 10 0.932
az358 0 10 0.410
az360 0 10 0.848
az361 0 10 0.957
az365 0 10 0.105
az367 0 10 0.113
az368 0 10 0.087
az375 0 10 0.242
az379 0 10 0.069
az383 0 10 0.143
az385 0 10 0.057
az386 0 10 0.186
az392 0 10 0.215
az396 0 10 0.909
az397 0 10 0.652
az399 0 10 0.852
az409 0 10 0.022
az415 0 10 0.446
az422 0 10 0.049
az426 0 10 0.969
az427 0 10 0.886
az434 0 10 0.806
az435 0 10 0.175
az437 0 10 0.150
az438 0 10 0.061
az440 0 10 0.136
az442 0 10 0.230
az443 0 10 0.400
az454 0 10 0.138
az467 0 10 0.558
az478 0 10 0.147
az483 0 10 0.513
az484 0 10 0.286
az486 0 10 0.306
az487 0 10 0.132
az492 0 10 0.735
az493 0 10 0.563
az500 0 10 0.250
az505 0 10 0.192
az506 0 10 0.067
az507 0 10 0.168
az511 0 10 0.036
az517 0 10 0.821
az519 0 10 0.335
az525 0 10 0.182
az527 0 10 0.067
az531 0 10 0.176
az532 0 10 0.318
az533 0 10 0.108
az534 0 10 0.391
az535 0 10 0.058
az538 0 10 0.060
az539 0 10 0.229
az540 0 10 0.306
az542 0 10 0.036
az543 0 10 0.059
az549 0 10 0.553
az552 0 10 0.851
az558 0 10 0.800
az565 0 10 0.783
az567 0 10 0.570
az568 0 10 0.805
az569 0 10 0.556
az571 0 10 0.185
az572 0 10 0.858
az577 0 10 0.511
az578 0 10 0.774
az579 0 10 0.863
az580 0 10 0.359
az581 0 10 0.941
az582 0 10 0.810
az589 0 10 0.507
az590 0 10 0.096
az602 0 10 0.841
az603 0 10 0.908
az604 0 10 0.744
az605 0 10 0.238
az607 0 10 0.000
az609 0 10 0.476
az633 0 10 0.017
az634 0 10 0.667
az636 0 10 0.273
az637 0 10 0.281
az639 0 10 0.044
az640 0 10 0.333
az641 0 10 0.230
az642 0 10 0.180
az643 0 10 0.096
az644 0 10 0.833
az645 0 10 0.839
az646 0 10 0.318
az647 0 10 0.225
az648 0 10 0.326
az649 0 10 0.069
az650 0 10 0.290
az653 0 10 0.286
az654 0 10 0.257
az656 0 10 0.500
az657 0 10 0.562
az658 0 10 0.211
az659 0 10 0.811
az662 0 10 0.467
az663 0 10 0.808
az664 0 10 0.425
az665 0 10 0.417
az666 0 10 0.363
az668 0 10 0.161
az669 0 10 0.140
az670 0 10 0.647
az671 0 10 0.900
az672 0 10 0.417
az674 0 10 0.234
az675 0 10 0.097
az679 0 10 0.335
az691 0 10 0.039
az693 0 10 0.073
az694 0 10 0.191
az695 0 10 0.133
az697 0 10 0.493
az704 0 10 0.494
az705 0 10 0.618
az708 0 10 0.827
az711 0 10 0.814
az712 0 10 0.872
az724 0 10 0.528
az728 0 10 0.472
az729 0 10 0.297
az736 0 10 0.713
az738 0 10 0.340
az739 0 10 0.336
az740 0 10 0.493
az741 0 10 0.458
az742 0 10 0.831
az743 0 10 0.391
az744 0 10 0.391
az745 0 10 0.451
az746 0 10 0.155
az747 0 10 0.698
az748 0 10 0.629
az749 0 10 0.439
az750 0 10 0.186
az751 0 10 0.432
az759 0 10 0.560
az760 0 10 0.748
az761 0 10 0.494
az762 0 10 0.421
az763 0 10 0.462
az764 0 10 0.794
az765 0 10 0.575
az766 0 10 0.894
az767 0 10 0.807
az768 0 10 0.789
az769 0 10 0.674
az770 0 10 0.829
az771 0 10 0.596
az772 0 10 0.774
az773 0 10 0.507
az774 0 10 0.790
az775 0 10 0.812
az776 0 10 0.501
az777 0 10 0.511
az778 0 10 0.259
az779 0 10 0.555
az780 0 10 0.486
az781 0 10 0.805
az782 0 10 0.547
az783 0 10 0.753
az784 0 10 0.774
az785 0 10 0.503
az786 0 10 0.554
az787 0 10 0.749
az788 0 10 0.666
az789 0 10 0.781
az790 0 10 0.840
az792 0 10 0.351
az793 0 10 0.436
az794 0 10 0.295
az795 0 10 0.600
az796 0 10 0.656
az797 0 10 0.171
az798 0 10 0.130
az799 0 10 0.130
az800 0 10 0.371
az801 0 10 0.093
az802 0 10 0.869
az803 0 10 0.300
az804 0 10 0.119
az805 0 10 0.704
az806 0 10 0.459
az807 0 10 0.097
az808 0 10 0.228
az818 0 10 0.164
az819 0 10 0.427
az820 0 10 0.210
az821 0 10 0.184
az822 0 10 0.359
az823 0 10 0.391
az824 0 10 0.261
az825 0 10 0.733
az826 0 10 0.826
az827 0 10 0.043
az828 0 10 0.123
az829 0 10 0.489
az830 0 10 0.608
az831 0 10 0.526
az832 0 10 0.367
az833 0 10 0.410
az834 0 10 0.469
az835 0 10 0.600
az836 0 10 0.581
az837 0 10 0.478
az838 0 10 0.788
az839 0 10 0.105
az840 0 10 0.646
az841 0 10 0.057
az842 0 10 0.859
az843 0 10 0.085
az844 0 10 0.258
az845 0 10 0.261
az846 0 10 0.137
az847 0 10 0.538
az852 0 10 0.154
az856 0 10 0.686
az861 0 10 0.114
az881 0 10 0.195
az883 0 10 0.345
az884 0 10 0.264
az890 0 10 0.708
az898 0 10 0.337
az899 0 10 0.431
az900 0 10 0.249
az902 0 10 0.677
az909 0 10 0.075
az976 0 10 0.039
az978 0 10 0.038
az980 0 10 0.558
az981 0 10 0.436
az983 0 10 0.057
az986 0 10 0.243
az987 0 10 0.177
az988 0 10 0.797
az989 0 10 0.255
az991 0 10 0.708
az993 0 10 0.579
az996 0 10 0.643
az999 0 10 0.401
az1000 0 10 0.962
az1001 0 10 0.538
az1002 0 10 0.216
az1003 0 10 0.075
az1007 0 10 0.352
az1008 0 10 0.342
az1009 0 10 0.200
az1010 0 10 0.187
az1012 0 10 0.276
az1014 0 10 0.611
az1016 0 10 0.338
az1020 0 10 0.813
az1021 0 10 0.873
az1022 0 10 0.745
az1023 0 10 0.263
az1024 0 10 0.508
az1028 0 10 0.263
az1030 0 10 0.476
az1031 0 10 0.379
az1032 0 10 0.941
az1037 0 10 0.007
az1039 0 10 0.817
az1040 0 10 0.665
az1044 0 10 0.472
az1045 0 10 0.619
az1046 0 10 0.427
az1047 0 10 0.022
az1048 0 10 0.068
az1049 0 10 0.287
az1050 0 10 0.670
az1051 0 10 0.351
az1052 0 10 0.195
az1053 0 10 0.070
az1054 0 10 0.625
az1057 0 10 0.119
az1060 0 10 0.160
az1065 0 10 0.077
az1070 0 10 0.447
az1072 0 10 0.154
az1075 0 10 0.071
az1079 0 10 0.451
az1080 0 10 0.643
az1081 0 10 0.726
az1085 0 10 0.671
az1086 0 10 0.658
az1091 0 10 0.282
az1092 0 10 0.348
az1094 0 10 0.679
az1096 0 10 0.385
az1097 0 10 0.673
az1098 0 10 0.638
az1099 0 10 0.417
az1107 0 10 0.375
az1108 0 10 0.788
az1109 0 10 0.633
az1110 0 10 0.186
az1111 0 10 0.369
az1112 0 10 0.861
az1113 0 10 0.472
az1114 0 10 0.617
az1115 0 10 0.158
az1116 0 10 0.575
az1118 0 10 0.796
az1120 0 10 0.452
az1121 0 10 0.279
az1122 0 10 0.245
az1123 0 10 0.229
az1124 0 10 0.381
az1125 0 10 0.410
az1126 0 10 0.411
az1128 0 10 0.675
az1129 0 10 0.558
az1131 0 10 0.281
az1132 0 10 0.560
az1134 0 10 0.480
az1135 0 10 0.559
az1136 0 10 0.743
az1137 0 10 0.332
az1138 0 10 0.596
az1139 0 10 0.628
az1140 0 10 0.533
az1141 0 10 0.729
az1143 0 10 0.596
az1144 0 10 0.776
az1146 0 10 0.625
az1150 0 10 0.350
az1151 0 10 0.640
az1152 0 10 0.359
az1153 0 10 0.859
az1155 0 10 0.486
az1157 0 10 0.386
az1161 0 10 0.328
az1162 0 10 0.421
az1164 0 10 0.074
az1167 0 10 0.249
az1168 0 10 0.845
az1171 0 10 0.900
az1172 0 10 0.586
az1174 0 10 0.387
az1175 0 10 0.779
az1178 0 10 0.679
az1185 0 10 0.413
az1187 0 10 0.719
az1189 0 10 0.955
az1202 0 10 0.491
az1203 0 10 0.455
az1204 0 10 0.382
az1208 0 10 0.508
az1209 0 10 0.375
az1211 0 10 0.508
az1212 0 10 0.208
az1213 0 10 0.598
az1214 0 10 0.721
az1215 0 10 0.659
az1216 0 10 0.609
az1217 0 10 0.779
az1218 0 10 0.609
az1221 0 10 0.450
az1222 0 10 0.212
az1224 0 10 0.216
az1225 0 10 0.232
az1226 0 10 0.281
az1227 0 10 0.429
az1228 0 10 0.633
az1229 0 10 0.161
az1230 0 10 0.256
az1231 0 10 0.641
az1234 0 10 0.336
az1235 0 10 0.526
az1236 0 10 0.200
az1238 0 10 0.611
az1239 0 10 0.581
az1240 0 10 0.154
az1241 0 10 0.582
az1242 0 10 0.821
az1243 0 10 0.421
az1244 0 10 0.548
az1245 0 10 0.661
az1246 0 10 0.469
az1247 0 10 0.223
az1248 0 10 0.404
az1249 0 10 0.523
az1250 0 10 0.682
az1251 0 10 0.153
az1253 0 10 0.505
az1254 0 10 0.506
az1255 0 10 0.095
az1256 0 10 0.440
az1257 0 10 0.464
az1258 0 10 0.284
az1259 0 10 0.328
az1261 0 10 0.381
az1262 0 10 0.532
az1263 0 10 0.417
az1265 0 10 0.023
az1270 0 10 0.489
az1271 0 10 0.174
az1273 0 10 0.753
az1275 0 10 0.139
az1278 0 10 0.508
az1279 0 10 0.496
az1280 0 10 0.373
az1281 0 10 0.529
az1287 0 10 0.545
az1288 0 10 0.441
az1298 0 10 0.455
az1304 0 10 0.444
az1305 0 10 0.449
az1306 0 10 0.241
az1307 0 10 0.500
az1308 0 10 0.518
az1309 0 10 0.424
az1310 0 10 0.070
az1311 0 10 0.158
az1313 0 10 0.327
az1314 0 10 0.341
az1315 0 10 0.717
az1316 0 10 0.403
az1322 0 10 0.408
az1327 0 10 0.631
az1330 0 10 0.786
az1331 0 10 0.545
az1333 0 10 0.840
az1334 0 10 0.317
az1335 0 10 0.474
az1336 0 10 0.372
az1337 0 10 0.352
az1338 0 10 0.564
az1339 0 10 0.068
az1340 0 10 0.280
az1341 0 10 0.635
az1342 0 10 0.437
az1343 0 10 0.128
az1344 0 10 0.493
az1359 0 10 0.619
az1360 0 10 0.463
az1367 0 10 0.249
az1368 0 10 0.547
az1369 0 10 0.057
az1370 0 10 0.222
az1371 0 10 0.223
az1372 0 10 0.556
az1375 0 10 0.134
az1376 0 10 0.468
az1378 0 10 0.116
az1379 0 10 0.609
az1381 0 10 0.449
az1382 0 10 0.785
az1384 0 10 0.324
az1385 0 10 0.432
az1386 0 10 0.218
az1388 0 10 0.848
az1389 0 10 0.145
az1391 0 10 0.636
az1392 0 10 0.257
az1394 0 10 0.022
az1395 0 10 0.373
az1396 0 10 0.426
az1397 0 10 0.424
az1398 0 10 0.385
az1399 0 10 0.132
az1400 0 10 0.750
az1401 0 10 0.050
az1402 0 10 0.140
az1403 0 10 0.579
az1414 0 10 0.806
az1415 0 10 0.012
az1416 0 10 0.605
az1417 0 10 0.414
az1418 0 10 0.387
az1420 0 10 0.273
az1421 0 10 0.259
az1423 0 10 0.656
az1426 0 10 0.192
az1430 0 10 0.100
az1431 0 10 0.750
az1433 0 10 0.384
az1434 0 10 0.625
az1436 0 10 0.447
az1440 0 10 0.215
az1441 0 10 0.034
az1442 0 10 0.284
az1443 0 10 0.409
az1444 0 10 0.066
az1445 0 10 0.280
az1446 0 10 0.174
az1447 0 10 0.613
az1448 0 10 0.210
az1449 0 10 0.125
az1450 0 10 0.500
az1451 0 10 0.666
az1452 0 10 0.389
az1453 0 10 0.588
az1454 0 10 0.158
az1455 0 10 0.164
az1456 0 10 0.580
az1457 0 10 0.179
az1458 0 10 0.365
az1459 0 10 0.532
az1460 0 10 0.254
az1461 0 10 0.426
az1462 0 10 0.539
az1464 0 10 0.042
az1465 0 10 0.351
az1467 0 10 0.442
az1468 0 10 0.731
az1470 0 10 0.273
az1471 0 10 0.687
az1472 0 10 0.284
az1474 0 10 0.421
az1476 0 10 0.444
az1478 0 10 0.250
az1479 0 10 0.476
az1481 0 10 0.471
az1482 0 10 0.485
az1483 0 10 0.679
az1484 0 10 0.243
az1485 0 10 0.691
az1486 0 10 0.411
az1487 0 10 0.332
az1488 0 10 0.170
az1489 0 10 0.841
az1491 0 10 0.404
az1492 0 10 0.214
az1497 0 10 0.197
az1498 0 10 0.324
az1500 0 10 0.265
az1502 0 10 0.134
az1504 0 10 0.667
az1506 0 10 0.320
az1507 0 10 0.261
az1508 0 10 0.483
az1510 0 10 0.552
az1511 0 10 0.168
az1512 0 10 0.499
az1513 0 10 0.517
az1514 0 10 0.204
az1515 0 10 0.258
az1516 0 10 0.201
az1517 0 10 0.785
az1518 0 10 0.078
az1519 0 10 0.587
az1520 0 10 0.533
az1521 0 10 0.488
az1522 0 10 0.278
az1523 0 10 0.464
az1524 0 10 0.423
az1525 0 10 0.255
az1527 0 10 0.207
az1528 0 10 0.265
az1529 0 10 0.167
az1531 0 10 0.189
az1532 0 10 0.265
az1534 0 10 0.650
az1536 0 10 0.150
az1537 0 10 0.273
az1538 0 10 0.298
az1539 0 10 0.733
az1541 0 10 0.421
az1542 0 10 0.333
az1544 0 10 0.450
az1546 0 10 0.421
az1547 0 10 0.046
az1550 0 10 0.291
az1559 0 10 0.306
az1560 0 10 0.504
az1561 0 10 0.468
az1562 0 10 0.471
az1563 0 10 0.289
az1565 0 10 0.332
az1566 0 10 0.139
az1567 0 10 0.212
az1568 0 10 0.533
az1569 0 10 0.114
az1570 0 10 0.280
az1581 0 10 0.273
az1582 0 10 0.515
az1583 0 10 0.444
az1584 0 10 0.423
az1585 0 10 0.429
az1586 0 10 0.447
az1587 0 10 0.543
az1588 0 10 0.306
az1589 0 10 0.333
az1590 0 10 0.623
az1591 0 10 0.409
az1592 0 10 0.313
az1593 0 10 0.203
az1594 0 10 0.469
az1595 0 10 0.475
az1596 0 10 0.538
az1597 0 10 0.450
az1598 0 10 0.256
az1599 0 10 0.368
az1600 0 10 0.345
az1601 0 10 0.586
az1602 0 10 0.341
az1603 0 10 0.131
az1604 0 10 0.486
az1610 0 10 0.202
az1611 0 10 0.211
az1612 0 10 0.182
az1613 0 10 0.250
az1614 0 10 0.095
az1615 0 10 0.346
az1616 0 10 0.240
az1617 0 10 0.266
az1618 0 10 0.271
az1619 0 10 0.228
az1620 0 10 0.215
az1621 0 10 0.238
az1622 0 10 0.172
az1623 0 10 0.240
az1624 0 10 0.178
az1625 0 10 0.188
az1626 0 10 0.232
az1627 0 10 0.262
az1628 0 10 0.490
az1629 0 10 0.221
az1632 0 10 0.243
az1633 0 10 0.241
az1634 0 10 0.448
az1635 0 10 0.355
az1636 0 10 0.494
az1637 0 10 0.622
az1638 0 10 0.204
az1639 0 10 0.140
az1640 0 10 0.462
az1641 0 10 0.476
az1642 0 10 0.298
az1643 0 10 0.259
az1656 0 10 0.195
az1657 0 10 0.271
az1659 0 10 0.234
az1660 0 10 0.455
az1661 0 10 0.514
az1662 0 10 0.194
az1663 0 10 0.353
az1665 0 10 0.228
az1666 0 10 0.449
az1667 0 10 0.297
az1668 0 10 0.217
az1670 0 10 0.200
az1671 0 10 0.393
az1672 0 10 0.235
az1673 0 10 0.149
az1674 0 10 0.295
az1675 0 10 0.025
az1676 0 10 0.400
az1677 0 10 0.333
az1678 0 10 0.480
az1679 0 10 0.418
az1680 0 10 0.159
az1681 0 10 0.259
az1683 0 10 0.400
az1684 0 10 0.493
az1685 0 10 0.483
az1686 0 10 0.703
az1687 0 10 0.280
az1688 0 10 0.514
az1689 0 10 0.387
az1690 0 10 0.114
az1691 0 10 0.167
az1692 0 10 0.433
az1693 0 10 0.344
az1694 0 10 0.333
az1695 0 10 0.074
az1696 0 10 0.663
az1697 0 10 0.310
az1703 0 10 0.368
az1714 0 10 0.400
az1715 0 10 0.488
az1716 0 10 0.417
az1717 0 10 0.463
az1718 0 10 0.414
az1719 0 10 0.581
az1720 0 10 0.238
az1721 0 10 0.265
az1722 0 10 0.785
az1723 0 10 0.434
az1724 0 10 0.301
az1725 0 10 0.271
az1726 0 10 0.346
az1727 0 10 0.227
az1728 0 10 0.174
az1729 0 10 0.156
az1730 0 10 0.385
az1731 0 10 0.500
az1732 0 10 0.696
az1733 0 10 0.378
az1734 0 10 0.324
az1735 0 10 0.340
az1736 0 10 0.314
az1737 0 10 0.438
az1738 0 10 0.348
az1739 0 10 0.022
az1740 0 10 0.410
az1741 0 10 0.484
az1742 0 10 0.467
az1743 0 10 0.276
az1744 0 10 0.515
az1745 0 10 0.260
az1746 0 10 0.129
az1752 0 10 0.211
az1755 0 10 0.340
az1756 0 10 0.029
az1757 0 10 0.250
az1758 0 10 0.282
az1759 0 10 0.243
az1760 0 10 0.375
az1762 0 10 0.124
az1763 0 10 0.170
az1764 0 10 0.212
az1765 0 10 0.050
az1766 0 10 0.258
az1767 0 10 0.250
az1768 0 10 0.251
az1769 0 10 0.263
az1770 0 10 0.231
az1771 0 10 0.139
az1772 0 10 0.235
az1773 0 10 0.364
az1774 0 10 0.207
az1775 0 10 0.324
az1776 0 10 0.410
az1777 0 10 0.260
az1778 0 10 0.212
az1779 0 10 0.238
az1780 0 10 0.333
az1781 0 10 0.179
az1782 0 10 0.245
az1783 0 10 0.239
az1784 0 10 0.215
az1786 0 10 0.214
az1787 0 10 0.278
az1789 0 10 0.429
az1790 0 10 0.362
az1791 0 10 0.150
az1792 0 10 0.286
az1793 0 10 0.341
az1794 0 10 0.435
az1795 0 10 0.094
az1797 0 10 0.038
az1798 0 10 0.216
az1799 0 10 0.235
az1800 0 10 0.312
az1801 0 10 0.211
az1802 0 10 0.361
az1804 0 10 0.357
az1805 0 10 0.250
az1806 0 10 0.220
az1807 0 10 0.286
az1818 0 10 0.146
az1819 0 10 0.285
az1820 0 10 0.215
az1821 0 10 0.203
az1822 0 10 0.226
az1823 0 10 0.423
az1824 0 10 0.458
az1825 0 10 0.162
az1826 0 10 0.462
az1827 0 10 0.267
az1828 0 10 0.226
az1829 0 10 0.255
az1830 0 10 0.267
az1831 0 10 0.280
az1832 0 10 0.218
az1833 0 10 0.244
az1834 0 10 0.358
az1835 0 10 0.339
az1836 0 10 0.126
az1837 0 10 0.487
az1838 0 10 0.302
az1839 0 10 0.224
az1840 0 10 0.391
az1841 0 10 0.343
az1842 0 10 0.177
az1843 0 10 0.191
az1844 0 10 0.242
az1846 0 10 0.282
az1847 0 10 0.295
az1848 0 10 0.286
az1849 0 10 0.166
az1851 0 10 0.214
az1852 0 10 0.263
az1853 0 10 0.244
az1854 0 10 0.370
az1855 0 10 0.263
az1856 0 10 0.263
az1857 0 10 0.340
az1858 0 10 0.166
az1859 0 10 0.419
az1860 0 10 0.425
az1861 0 10 0.228
az1862 0 10 0.187
az1863 0 10 0.465
az1864 0 10 0.222
az1865 0 10 0.250
az1866 0 10 0.238
az1867 0 10 0.429
az1868 0 10 0.359
az1869 0 10 0.319
az1870 0 10 0.289
az1871 0 10 0.246
az1872 0 10 0.372
az1873 0 10 0.232
az1875 0 10 0.235
az1876 0 10 0.379
az1878 0 10 0.334
az1879 0 10 0.268
az1880 0 10 0.179
az1881 0 10 0.463
az1882 0 10 0.365
az1883 0 10 0.369
az1894 0 10 0.346
az1895 0 10 0.391
az1896 0 10 0.195
az1897 0 10 0.211
az1898 0 10 0.247
az1899 0 10 0.227
az1900 0 10 0.344
az1901 0 10 0.331
az1902 0 10 0.202
az1903 0 10 0.216
az1904 0 10 0.393
az1905 0 10 0.214
az1906 0 10 0.235
az1907 0 10 0.349
az1908 0 10 0.269
az1909 0 10 0.354
az1911 0 10 0.180
az1912 0 10 0.220
az1913 0 10 0.298
az1914 0 10 0.409
az1915 0 10 0.337
az1916 0 10 0.302
az1917 0 10 0.437
az1918 0 10 0.223
az1919 0 10 0.354
az1920 0 10 0.208
az1921 0 10 0.279
az1922 0 10 0.286
az1923 0 10 0.288
az1924 0 10 0.341
az1925 0 10 0.255
az1927 0 10 0.181
az1928 0 10 0.202
az1929 0 10 0.306
az1930 0 10 0.222
az1931 0 10 0.246
az1932 0 10 0.209
az1933 0 10 0.195
az1934 0 10 0.293
az1935 0 10 0.175
az1936 0 10 0.325
az1937 0 10 0.365
az1938 0 10 0.262
az1949 0 10 0.239
az1950 0 10 0.304
az1951 0 10 0.298
az1952 0 10 0.224
az1954 0 10 0.241
az1955 0 10 0.196
az1956 0 10 0.267
az1957 0 10 0.279
az1958 0 10 0.350
az1959 0 10 0.249
az1960 0 10 0.284
az1961 0 10 0.292
az1962 0 10 0.245
az1963 0 10 0.281
az1964 0 10 0.284
az1965 0 10 0.258
az1966 0 10 0.088
az1967 0 10 0.206
az1968 0 10 0.043
az1969 0 10 0.203
az1970 0 10 0.246
az1971 0 10 0.300
az1972 0 10 0.348
az1983 0 10 0.303
az1984 0 10 0.249
az1985 0 10 0.286
az1986 0 10 0.226
az1987 0 10 0.241
az1988 0 10 0.254
az1989 0 10 0.334
az1990 0 10 0.171
az2001 0 10 0.229
