az34 0 10 0.050
az42 0 10 0.015
az53 0 10 0.737
az54 0 10 0.016
az57 0 10 0.015
az87 0 10 0.007
az88 0 10 0.024
az92 0 10 0.000
az94 0 10 0.000
az102 0 10 0.019
az105 0 10 0.005
az106 0 10 0.000
az107 0 10 0.017
az108 0 10 0.023
az109 0 10 0.075
az110 0 10 0.034
az111 0 10 0.047
az112 0 10 0.082
az113 0 10 0.071
az114 0 10 0.038
az115 0 10 0.013
az116 0 10 0.255
az117 0 10 0.013
az118 0 10 0.319
az119 0 10 0.018
az120 0 10 0.048
az121 0 10 0.717
az122 0 10 0.599
az123 0 10 0.615
az124 0 10 0.036
az128 0 10 0.013
az139 0 10 0.054
az140 0 10 0.028
az142 0 10 0.024
az143 0 10 0.024
az178 0 10 0.000
az185 0 10 0.035
az186 0 10 0.007
az187 0 10 0.167
az188 0 10 0.061
az190 0 10 0.045
az252 0 10 0.022
az255 0 10 0.021
az272 0 10 0.041
az293 0 10 0.006
az297 0 10 0.027
az305 0 10 0.072
az307 0 10 0.016
az308 0 10 0.016
az311 0 10 0.000
az313 0 10 0.007
az314 0 10 0.005
az315 0 10 0.002
az316 0 10 0.029
az317 0 10 0.011
az318 0 10 0.008
az319 0 10 0.179
az320 0 10 0.000
az322 0 10 0.054
az323 0 10 0.019
az324 0 10 0.000
az325 0 10 0.019
az326 0 10 0.033
az332 0 10 0.000
az349 0 10 0.009
az363 0 10 0.035
az364 0 10 0.015
az366 0 10 0.045
az369 0 10 0.090
az370 0 10 0.058
az371 0 10 0.100
az373 0 10 0.039
az374 0 10 0.004
az376 0 10 0.071
az377 0 10 0.078
az378 0 10 0.074
az381 0 10 0.041
az382 0 10 0.014
az384 0 10 0.054
az387 0 10 0.548
az388 0 10 0.185
az393 0 10 0.008
az394 0 10 0.017
az395 0 10 0.027
az398 0 10 0.013
az401 0 10 0.000
az402 0 10 0.025
az403 0 10 0.004
az405 0 10 0.060
az407 0 10 0.016
az408 0 10 0.012
az412 0 10 0.143
az413 0 10 0.000
az414 0 10 0.391
az416 0 10 0.038
az419 0 10 0.010
az420 0 10 0.007
az421 0 10 0.014
az423 0 10 0.023
az424 0 10 0.012
az425 0 10 0.015
az427 0 10 0.009
az428 0 10 0.027
az429 0 10 0.023
az431 0 10 0.006
az434 0 10 0.011
az439 0 10 0.067
az441 0 10 0.027
az445 0 10 0.065
az447 0 10 0.060
az448 0 10 0.062
az450 0 10 0.565
az452 0 10 0.042
az453 0 10 0.114
az465 0 10 0.079
az466 0 10 0.068
az469 0 10 0.004
az470 0 10 0.033
az471 0 10 0.035
az473 0 10 0.021
az474 0 10 0.038
az475 0 10 0.072
az476 0 10 0.009
az479 0 10 0.040
az480 0 10 0.055
az482 0 10 0.026
az485 0 10 0.009
az488 0 10 0.102
az489 0 10 0.010
az490 0 10 0.036
az491 0 10 0.045
az492 0 10 0.024
az495 0 10 0.081
az497 0 10 0.000
az498 0 10 0.012
az499 0 10 0.037
az502 0 10 0.030
az504 0 10 0.006
az508 0 10 0.071
az509 0 10 0.040
az512 0 10 0.021
az516 0 10 0.045
az530 0 10 0.000
az547 0 10 0.000
az550 0 10 0.084
az551 0 10 0.072
az552 0 10 0.013
az553 0 10 0.038
az554 0 10 0.056
az555 0 10 0.030
az556 0 10 0.000
az557 0 10 0.033
az558 0 10 0.051
az559 0 10 0.059
az560 0 10 0.025
az561 0 10 0.052
az562 0 10 0.002
az563 0 10 0.009
az564 0 10 0.007
az565 0 10 0.053
az566 0 10 0.083
az567 0 10 0.012
az568 0 10 0.013
az569 0 10 0.011
az570 0 10 0.017
az573 0 10 0.039
az574 0 10 0.058
az575 0 10 0.040
az576 0 10 0.015
az579 0 10 0.028
az580 0 10 0.000
az581 0 10 0.000
az582 0 10 0.036
az583 0 10 0.063
az584 0 10 0.047
az586 0 10 0.138
az587 0 10 0.042
az588 0 10 0.015
az589 0 10 0.024
az591 0 10 0.065
az592 0 10 0.035
az595 0 10 0.003
az602 0 10 0.011
az603 0 10 0.013
az604 0 10 0.003
az605 0 10 0.048
az610 0 10 0.000
az612 0 10 0.000
az613 0 10 0.083
az614 0 10 0.000
az615 0 10 0.000
az616 0 10 0.098
az617 0 10 0.000
az618 0 10 0.007
az620 0 10 0.024
az621 0 10 0.018
az622 0 10 0.096
az623 0 10 0.044
az624 0 10 0.094
az625 0 10 0.005
az626 0 10 0.015
az627 0 10 0.009
az629 0 10 0.011
az630 0 10 0.010
az631 0 10 0.017
az636 0 10 0.005
az639 0 10 0.013
az641 0 10 0.066
az644 0 10 0.019
az645 0 10 0.000
az646 0 10 0.009
az651 0 10 0.137
az653 0 10 0.005
az654 0 10 0.011
az656 0 10 0.083
az659 0 10 0.016
az660 0 10 0.057
az662 0 10 0.047
az663 0 10 0.006
az664 0 10 0.032
az665 0 10 0.013
az666 0 10 0.005
az668 0 10 0.018
az669 0 10 0.000
az670 0 10 0.029
az671 0 10 0.000
az672 0 10 0.000
az674 0 10 0.013
az675 0 10 0.002
az678 0 10 0.047
az679 0 10 0.044
az680 0 10 0.094
az687 0 10 0.000
az688 0 10 0.011
az690 0 10 0.092
az692 0 10 0.135
az697 0 10 0.008
az704 0 10 0.010
az705 0 10 0.014
az708 0 10 0.035
az709 0 10 0.014
az711 0 10 0.020
az712 0 10 0.037
az724 0 10 0.033
az725 0 10 0.002
az727 0 10 0.042
az728 0 10 0.000
az729 0 10 0.072
az730 0 10 0.008
az733 0 10 0.000
az736 0 10 0.013
az737 0 10 0.029
az738 0 10 0.000
az739 0 10 0.009
az740 0 10 0.012
az741 0 10 0.010
az742 0 10 0.000
az743 0 10 0.043
az744 0 10 0.003
az745 0 10 0.013
az749 0 10 0.004
az752 0 10 0.036
az753 0 10 0.067
az754 0 10 0.020
az755 0 10 0.000
az756 0 10 0.038
az759 0 10 0.007
az760 0 10 0.029
az761 0 10 0.013
az763 0 10 0.016
az764 0 10 0.027
az765 0 10 0.026
az766 0 10 0.023
az767 0 10 0.040
az768 0 10 0.041
az769 0 10 0.023
az770 0 10 0.026
az771 0 10 0.020
az772 0 10 0.057
az773 0 10 0.015
az774 0 10 0.056
az775 0 10 0.045
az776 0 10 0.012
az777 0 10 0.008
az778 0 10 0.037
az779 0 10 0.006
az780 0 10 0.015
az781 0 10 0.034
az782 0 10 0.024
az783 0 10 0.047
az784 0 10 0.024
az785 0 10 0.057
az786 0 10 0.028
az787 0 10 0.051
az788 0 10 0.039
az789 0 10 0.040
az790 0 10 0.026
az791 0 10 0.021
az792 0 10 0.025
az793 0 10 0.036
az802 0 10 0.006
az809 0 10 0.040
az810 0 10 0.318
az811 0 10 0.021
az812 0 10 0.111
az813 0 10 0.045
az814 0 10 0.033
az815 0 10 0.000
az816 0 10 0.033
az817 0 10 0.021
az819 0 10 0.032
az822 0 10 0.009
az823 0 10 0.014
az824 0 10 0.016
az825 0 10 0.022
az826 0 10 0.043
az827 0 10 0.000
az828 0 10 0.018
az829 0 10 0.060
az830 0 10 0.024
az831 0 10 0.021
az832 0 10 0.000
az834 0 10 0.008
az835 0 10 0.000
az836 0 10 0.000
az837 0 10 0.035
az838 0 10 0.025
az839 0 10 0.005
az840 0 10 0.000
az841 0 10 0.003
az842 0 10 0.021
az846 0 10 0.000
az847 0 10 0.000
az848 0 10 0.028
az849 0 10 0.143
az851 0 10 0.075
az853 0 10 0.079
az855 0 10 0.081
az856 0 10 0.004
az857 0 10 0.119
az858 0 10 0.074
az859 0 10 0.013
az861 0 10 0.045
az863 0 10 0.070
az865 0 10 0.077
az866 0 10 0.046
az867 0 10 0.043
az871 0 10 0.005
az872 0 10 0.088
az873 0 10 0.069
az874 0 10 0.039
az875 0 10 0.065
az876 0 10 0.048
az878 0 10 0.000
az879 0 10 0.027
az880 0 10 0.128
az882 0 10 0.062
az883 0 10 0.032
az884 0 10 0.019
az885 0 10 0.039
az887 0 10 0.046
az888 0 10 0.125
az889 0 10 0.056
az890 0 10 0.015
az891 0 10 0.036
az892 0 10 0.053
az893 0 10 0.042
az894 0 10 0.024
az895 0 10 0.034
az896 0 10 0.038
az897 0 10 0.098
az898 0 10 0.079
az899 0 10 0.050
az900 0 10 0.016
az901 0 10 0.063
az902 0 10 0.065
az905 0 10 0.015
az906 0 10 0.011
az907 0 10 0.087
az908 0 10 0.000
az910 0 10 0.065
az911 0 10 0.025
az913 0 10 0.007
az914 0 10 0.031
az915 0 10 0.053
az916 0 10 0.037
az917 0 10 0.042
az918 0 10 0.049
az919 0 10 0.036
az921 0 10 0.050
az922 0 10 0.065
az923 0 10 0.041
az924 0 10 0.094
az925 0 10 0.031
az926 0 10 0.073
az927 0 10 0.030
az928 0 10 0.095
az930 0 10 0.072
az932 0 10 0.075
az933 0 10 0.068
az934 0 10 0.009
az935 0 10 0.175
az936 0 10 0.000
az938 0 10 0.007
az940 0 10 0.000
az941 0 10 0.016
az942 0 10 0.003
az943 0 10 0.182
az947 0 10 0.030
az948 0 10 0.021
az949 0 10 0.003
az950 0 10 0.012
az951 0 10 0.015
az952 0 10 0.115
az954 0 10 0.175
az958 0 10 0.068
az959 0 10 0.037
az961 0 10 0.006
az962 0 10 0.033
az964 0 10 0.179
az975 0 10 0.049
az979 0 10 0.044
az980 0 10 0.037
az982 0 10 0.001
az983 0 10 0.073
az984 0 10 0.052
az985 0 10 0.048
az987 0 10 0.018
az988 0 10 0.043
az989 0 10 0.034
az990 0 10 0.067
az991 0 10 0.014
az992 0 10 0.029
az993 0 10 0.027
az994 0 10 0.052
az995 0 10 0.020
az996 0 10 0.035
az997 0 10 0.009
az998 0 10 0.027
az999 0 10 0.054
az1000 0 10 0.000
az1001 0 10 0.026
az1002 0 10 0.012
az1003 0 10 0.019
az1004 0 10 0.073
az1005 0 10 0.039
az1006 0 10 0.052
az1007 0 10 0.023
az1008 0 10 0.037
az1009 0 10 0.019
az1010 0 10 0.042
az1011 0 10 0.026
az1012 0 10 0.006
az1013 0 10 0.054
az1014 0 10 0.029
az1015 0 10 0.048
az1016 0 10 0.022
az1017 0 10 0.062
az1018 0 10 0.032
az1019 0 10 0.016
az1020 0 10 0.043
az1021 0 10 0.049
az1022 0 10 0.032
az1023 0 10 0.041
az1024 0 10 0.000
az1025 0 10 0.068
az1026 0 10 0.034
az1027 0 10 0.050
az1028 0 10 0.024
az1029 0 10 0.037
az1030 0 10 0.015
az1031 0 10 0.138
az1032 0 10 0.000
az1033 0 10 0.061
az1034 0 10 0.051
az1035 0 10 0.033
az1036 0 10 0.013
az1037 0 10 0.000
az1038 0 10 0.060
az1039 0 10 0.029
az1040 0 10 0.008
az1041 0 10 0.070
az1042 0 10 0.007
az1043 0 10 0.040
az1044 0 10 0.008
az1045 0 10 0.034
az1046 0 10 0.015
az1049 0 10 0.076
az1050 0 10 0.021
az1054 0 10 0.031
az1055 0 10 0.000
az1056 0 10 0.125
az1057 0 10 0.001
az1058 0 10 0.074
az1059 0 10 0.059
az1060 0 10 0.040
az1061 0 10 0.107
az1062 0 10 0.025
az1063 0 10 0.055
az1064 0 10 0.063
az1065 0 10 0.192
az1066 0 10 0.071
az1067 0 10 0.047
az1068 0 10 0.033
az1069 0 10 0.041
az1070 0 10 0.026
az1071 0 10 0.000
az1072 0 10 0.026
az1073 0 10 0.031
az1074 0 10 0.039
az1075 0 10 0.005
az1076 0 10 0.105
az1077 0 10 0.051
az1078 0 10 0.061
az1079 0 10 0.042
az1080 0 10 0.041
az1081 0 10 0.027
az1082 0 10 0.038
az1083 0 10 0.036
az1084 0 10 0.041
az1085 0 10 0.042
az1086 0 10 0.016
az1087 0 10 0.018
az1088 0 10 0.024
az1089 0 10 0.058
az1090 0 10 0.028
az1091 0 10 0.002
az1092 0 10 0.000
az1093 0 10 0.069
az1094 0 10 0.000
az1095 0 10 0.065
az1096 0 10 0.042
az1097 0 10 0.038
az1098 0 10 0.000
az1099 0 10 0.000
az1101 0 10 0.002
az1102 0 10 0.058
az1103 0 10 0.000
az1104 0 10 0.014
az1105 0 10 0.000
az1106 0 10 0.080
az1107 0 10 0.007
az1108 0 10 0.040
az1109 0 10 0.000
az1110 0 10 0.002
az1111 0 10 0.024
az1112 0 10 0.014
az1113 0 10 0.027
az1114 0 10 0.066
az1115 0 10 0.102
az1116 0 10 0.017
az1118 0 10 0.035
az1120 0 10 0.097
az1121 0 10 0.026
az1122 0 10 0.096
az1123 0 10 0.024
az1124 0 10 0.017
az1125 0 10 0.014
az1126 0 10 0.016
az1127 0 10 0.025
az1128 0 10 0.125
az1129 0 10 0.040
az1130 0 10 0.075
az1131 0 10 0.005
az1132 0 10 0.025
az1133 0 10 0.016
az1134 0 10 0.031
az1135 0 10 0.118
az1136 0 10 0.059
az1137 0 10 0.009
az1138 0 10 0.005
az1139 0 10 0.060
az1140 0 10 0.000
az1141 0 10 0.029
az1143 0 10 0.019
az1144 0 10 0.024
az1146 0 10 0.000
az1147 0 10 0.000
az1148 0 10 0.078
az1149 0 10 0.032
az1150 0 10 0.050
az1151 0 10 0.029
az1152 0 10 0.023
az1153 0 10 0.000
az1154 0 10 0.055
az1155 0 10 0.041
az1156 0 10 0.035
az1157 0 10 0.053
az1158 0 10 0.092
az1159 0 10 0.132
az1160 0 10 0.099
az1161 0 10 0.019
az1162 0 10 0.009
az1163 0 10 0.013
az1164 0 10 0.005
az1165 0 10 0.000
az1166 0 10 0.000
az1167 0 10 0.029
az1168 0 10 0.000
az1169 0 10 0.014
az1170 0 10 0.029
az1171 0 10 0.000
az1172 0 10 0.017
az1173 0 10 0.054
az1174 0 10 0.008
az1175 0 10 0.074
az1176 0 10 0.000
az1177 0 10 0.059
az1178 0 10 0.019
az1179 0 10 0.037
az1180 0 10 0.051
az1181 0 10 0.081
az1182 0 10 0.070
az1183 0 10 0.058
az1184 0 10 0.076
az1185 0 10 0.016
az1186 0 10 0.103
az1187 0 10 0.011
az1188 0 10 0.026
az1189 0 10 0.000
az1190 0 10 0.078
az1191 0 10 0.103
az1202 0 10 0.020
az1203 0 10 0.040
az1204 0 10 0.025
az1206 0 10 0.036
az1207 0 10 0.041
az1208 0 10 0.016
az1209 0 10 0.019
az1210 0 10 0.026
az1211 0 10 0.004
az1212 0 10 0.000
az1213 0 10 0.050
az1214 0 10 0.097
az1215 0 10 0.068
az1216 0 10 0.045
az1217 0 10 0.018
az1218 0 10 0.044
az1219 0 10 0.054
az1220 0 10 0.052
az1221 0 10 0.058
az1222 0 10 0.000
az1223 0 10 0.000
az1224 0 10 0.011
az1225 0 10 0.025
az1226 0 10 0.027
az1227 0 10 0.000
az1228 0 10 0.047
az1229 0 10 0.069
az1230 0 10 0.036
az1231 0 10 0.031
az1232 0 10 0.015
az1233 0 10 0.237
az1234 0 10 0.039
az1235 0 10 0.052
az1236 0 10 0.008
az1237 0 10 0.030
az1238 0 10 0.025
az1239 0 10 0.052
az1240 0 10 0.051
az1241 0 10 0.015
az1242 0 10 0.012
az1243 0 10 0.000
az1244 0 10 0.032
az1245 0 10 0.017
az1246 0 10 0.012
az1247 0 10 0.045
az1248 0 10 0.064
az1249 0 10 0.068
az1250 0 10 0.057
az1251 0 10 0.051
az1252 0 10 0.000
az1253 0 10 0.029
az1254 0 10 0.025
az1255 0 10 0.000
az1256 0 10 0.005
az1257 0 10 0.000
az1258 0 10 0.009
az1259 0 10 0.000
az1260 0 10 0.000
az1261 0 10 0.000
az1262 0 10 0.008
az1263 0 10 0.028
az1264 0 10 0.050
az1265 0 10 0.003
az1266 0 10 0.113
az1267 0 10 0.075
az1268 0 10 0.055
az1269 0 10 0.082
az1270 0 10 0.043
az1272 0 10 0.066
az1273 0 10 0.028
az1274 0 10 0.026
az1275 0 10 0.028
az1276 0 10 0.042
az1277 0 10 0.039
az1278 0 10 0.031
az1279 0 10 0.014
az1280 0 10 0.009
az1281 0 10 0.034
az1282 0 10 0.043
az1283 0 10 0.066
az1284 0 10 0.087
az1285 0 10 0.087
az1286 0 10 0.062
az1287 0 10 0.031
az1288 0 10 0.059
az1289 0 10 0.071
az1290 0 10 0.030
az1291 0 10 0.000
az1292 0 10 0.000
az1293 0 10 0.106
az1294 0 10 0.045
az1295 0 10 0.030
az1296 0 10 0.038
az1297 0 10 0.011
az1298 0 10 0.031
az1299 0 10 0.034
az1300 0 10 0.065
az1301 0 10 0.066
az1302 0 10 0.032
az1303 0 10 0.026
az1304 0 10 0.005
az1305 0 10 0.029
az1306 0 10 0.138
az1307 0 10 0.033
az1308 0 10 0.060
az1309 0 10 0.091
az1310 0 10 0.169
az1311 0 10 0.070
az1312 0 10 0.013
az1313 0 10 0.019
az1314 0 10 0.034
az1315 0 10 0.008
az1316 0 10 0.023
az1317 0 10 0.028
az1318 0 10 0.018
az1319 0 10 0.000
az1320 0 10 0.034
az1321 0 10 0.095
az1322 0 10 0.101
az1323 0 10 0.089
az1324 0 10 0.111
az1325 0 10 0.006
az1326 0 10 0.035
az1327 0 10 0.036
az1328 0 10 0.036
az1329 0 10 0.075
az1330 0 10 0.018
az1331 0 10 0.068
az1332 0 10 0.058
az1333 0 10 0.008
az1334 0 10 0.008
az1335 0 10 0.054
az1336 0 10 0.036
az1337 0 10 0.008
az1338 0 10 0.027
az1339 0 10 0.098
az1340 0 10 0.040
az1341 0 10 0.043
az1342 0 10 0.037
az1343 0 10 0.080
az1344 0 10 0.030
az1345 0 10 0.000
az1346 0 10 0.024
az1347 0 10 0.013
az1348 0 10 0.000
az1349 0 10 0.028
az1350 0 10 0.011
az1351 0 10 0.055
az1352 0 10 0.042
az1353 0 10 0.028
az1354 0 10 0.092
az1355 0 10 0.030
az1356 0 10 0.056
az1357 0 10 0.085
az1358 0 10 0.107
az1359 0 10 0.008
az1360 0 10 0.046
az1361 0 10 0.000
az1362 0 10 0.091
az1363 0 10 0.009
az1364 0 10 0.021
az1365 0 10 0.200
az1366 0 10 0.021
az1367 0 10 0.008
az1368 0 10 0.053
az1369 0 10 0.000
az1370 0 10 0.022
az1372 0 10 0.000
az1373 0 10 0.017
az1374 0 10 0.050
az1375 0 10 0.000
az1376 0 10 0.061
az1377 0 10 0.068
az1378 0 10 0.019
az1379 0 10 0.011
az1380 0 10 0.077
az1381 0 10 0.009
az1382 0 10 0.022
az1383 0 10 0.056
az1384 0 10 0.023
az1385 0 10 0.038
az1386 0 10 0.019
az1387 0 10 0.013
az1388 0 10 0.000
az1389 0 10 0.066
az1390 0 10 0.035
az1391 0 10 0.000
az1392 0 10 0.011
az1393 0 10 0.036
az1394 0 10 0.079
az1395 0 10 0.066
az1396 0 10 0.008
az1397 0 10 0.010
az1398 0 10 0.059
az1399 0 10 0.060
az1400 0 10 0.000
az1401 0 10 0.011
az1402 0 10 0.000
az1403 0 10 0.004
az1414 0 10 0.000
az1415 0 10 0.000
az1416 0 10 0.034
az1417 0 10 0.000
az1418 0 10 0.018
az1419 0 10 0.220
az1420 0 10 0.000
az1421 0 10 0.037
az1422 0 10 0.062
az1423 0 10 0.031
az1425 0 10 0.016
az1426 0 10 0.000
az1427 0 10 0.081
az1428 0 10 0.067
az1429 0 10 0.000
az1430 0 10 0.017
az1431 0 10 0.031
az1432 0 10 0.000
az1433 0 10 0.014
az1434 0 10 0.037
az1435 0 10 0.026
az1436 0 10 0.056
az1437 0 10 0.084
az1438 0 10 0.057
az1439 0 10 0.050
az1441 0 10 0.021
az1442 0 10 0.098
az1443 0 10 0.000
az1444 0 10 0.000
az1445 0 10 0.031
az1446 0 10 0.005
az1447 0 10 0.020
az1448 0 10 0.017
az1449 0 10 0.000
az1450 0 10 0.000
az1451 0 10 0.034
az1452 0 10 0.013
az1453 0 10 0.028
az1454 0 10 0.039
az1455 0 10 0.108
az1456 0 10 0.022
az1457 0 10 0.055
az1458 0 10 0.010
az1459 0 10 0.048
az1460 0 10 0.019
az1461 0 10 0.089
az1462 0 10 0.019
az1463 0 10 0.029
az1464 0 10 0.000
az1465 0 10 0.053
az1466 0 10 0.007
az1467 0 10 0.070
az1468 0 10 0.000
az1469 0 10 0.036
az1470 0 10 0.000
az1471 0 10 0.009
az1472 0 10 0.012
az1473 0 10 0.050
az1474 0 10 0.105
az1475 0 10 0.039
az1476 0 10 0.029
az1477 0 10 0.059
az1478 0 10 0.000
az1479 0 10 0.000
az1480 0 10 0.072
az1481 0 10 0.040
az1482 0 10 0.000
az1483 0 10 0.000
az1484 0 10 0.070
az1485 0 10 0.013
az1486 0 10 0.026
az1487 0 10 0.070
az1488 0 10 0.075
az1489 0 10 0.000
az1490 0 10 0.106
az1491 0 10 0.000
az1493 0 10 0.089
az1494 0 10 0.022
az1495 0 10 0.000
az1496 0 10 0.000
az1497 0 10 0.088
az1498 0 10 0.059
az1499 0 10 0.028
az1500 0 10 0.034
az1501 0 10 0.034
az1502 0 10 0.023
az1503 0 10 0.009
az1504 0 10 0.000
az1505 0 10 0.064
az1506 0 10 0.023
az1507 0 10 0.043
az1508 0 10 0.025
az1509 0 10 0.067
az1510 0 10 0.002
az1511 0 10 0.022
az1512 0 10 0.035
az1513 0 10 0.024
az1514 0 10 0.022
az1515 0 10 0.033
az1517 0 10 0.049
az1519 0 10 0.020
az1520 0 10 0.052
az1521 0 10 0.022
az1522 0 10 0.000
az1523 0 10 0.013
az1526 0 10 0.065
az1528 0 10 0.029
az1530 0 10 0.000
az1531 0 10 0.075
az1532 0 10 0.024
az1533 0 10 0.005
az1534 0 10 0.050
az1535 0 10 0.182
az1536 0 10 0.044
az1537 0 10 0.061
az1538 0 10 0.039
az1539 0 10 0.000
az1540 0 10 0.024
az1541 0 10 0.042
az1542 0 10 0.024
az1543 0 10 0.043
az1544 0 10 0.038
az1545 0 10 0.091
az1546 0 10 0.044
az1547 0 10 0.070
az1548 0 10 0.014
az1549 0 10 0.075
az1550 0 10 0.034
az1551 0 10 0.048
az1552 0 10 0.047
az1553 0 10 0.015
az1554 0 10 0.044
az1555 0 10 0.069
az1556 0 10 0.045
az1557 0 10 0.033
az1558 0 10 0.120
az1559 0 10 0.041
az1560 0 10 0.030
az1561 0 10 0.065
az1562 0 10 0.059
az1563 0 10 0.019
az1564 0 10 0.030
az1565 0 10 0.068
az1566 0 10 0.011
az1567 0 10 0.061
az1568 0 10 0.000
az1569 0 10 0.009
az1570 0 10 0.040
az1581 0 10 0.000
az1582 0 10 0.031
az1583 0 10 0.037
az1584 0 10 0.017
az1585 0 10 0.036
az1586 0 10 0.035
az1587 0 10 0.022
az1588 0 10 0.082
az1589 0 10 0.000
az1590 0 10 0.016
az1591 0 10 0.000
az1592 0 10 0.033
az1593 0 10 0.060
az1594 0 10 0.033
az1595 0 10 0.008
az1596 0 10 0.000
az1597 0 10 0.050
az1598 0 10 0.068
az1599 0 10 0.047
az1600 0 10 0.062
az1601 0 10 0.000
az1602 0 10 0.073
az1604 0 10 0.029
az1605 0 10 0.133
az1606 0 10 0.000
az1607 0 10 0.086
az1608 0 10 0.074
az1609 0 10 0.052
az1612 0 10 0.000
az1613 0 10 0.000
az1614 0 10 0.048
az1615 0 10 0.000
az1616 0 10 0.025
az1618 0 10 0.051
az1620 0 10 0.038
az1621 0 10 0.026
az1622 0 10 0.017
az1627 0 10 0.023
az1628 0 10 0.013
az1630 0 10 0.019
az1631 0 10 0.025
az1633 0 10 0.033
az1634 0 10 0.022
az1635 0 10 0.032
az1636 0 10 0.021
az1637 0 10 0.025
az1640 0 10 0.019
az1641 0 10 0.048
az1642 0 10 0.017
az1643 0 10 0.000
az1644 0 10 0.096
az1645 0 10 0.048
az1646 0 10 0.043
az1647 0 10 0.029
az1648 0 10 0.024
az1649 0 10 0.000
az1650 0 10 0.051
az1651 0 10 0.040
az1652 0 10 0.174
az1653 0 10 0.000
az1654 0 10 0.033
az1655 0 10 0.057
az1657 0 10 0.028
az1658 0 10 0.010
az1660 0 10 0.017
az1661 0 10 0.000
az1662 0 10 0.052
az1663 0 10 0.012
az1664 0 10 0.071
az1665 0 10 0.035
az1666 0 10 0.000
az1667 0 10 0.054
az1668 0 10 0.065
az1669 0 10 0.042
az1670 0 10 0.033
az1671 0 10 0.036
az1672 0 10 0.011
az1673 0 10 0.036
az1674 0 10 0.023
az1675 0 10 0.025
az1676 0 10 0.000
az1677 0 10 0.037
az1678 0 10 0.013
az1679 0 10 0.030
az1680 0 10 0.023
az1681 0 10 0.000
az1682 0 10 0.083
az1683 0 10 0.005
az1684 0 10 0.025
az1685 0 10 0.021
az1686 0 10 0.054
az1687 0 10 0.000
az1688 0 10 0.057
az1689 0 10 0.065
az1690 0 10 0.000
az1691 0 10 0.026
az1692 0 10 0.024
az1693 0 10 0.062
az1694 0 10 0.000
az1695 0 10 0.049
az1696 0 10 0.009
az1697 0 10 0.034
az1698 0 10 0.087
az1699 0 10 0.000
az1700 0 10 0.024
az1701 0 10 0.113
az1702 0 10 0.072
az1703 0 10 0.026
az1714 0 10 0.000
az1715 0 10 0.049
az1716 0 10 0.032
az1717 0 10 0.015
az1718 0 10 0.000
az1719 0 10 0.032
az1720 0 10 0.048
az1721 0 10 0.040
az1722 0 10 0.013
az1723 0 10 0.038
az1724 0 10 0.034
az1725 0 10 0.046
az1726 0 10 0.038
az1727 0 10 0.000
az1728 0 10 0.043
az1729 0 10 0.000
az1730 0 10 0.000
az1731 0 10 0.033
az1732 0 10 0.046
az1733 0 10 0.041
az1734 0 10 0.040
az1735 0 10 0.005
az1736 0 10 0.057
az1737 0 10 0.031
az1738 0 10 0.021
az1739 0 10 0.022
az1740 0 10 0.051
az1741 0 10 0.032
az1742 0 10 0.018
az1744 0 10 0.000
az1747 0 10 0.037
az1748 0 10 0.026
az1749 0 10 0.000
az1750 0 10 0.000
az1751 0 10 0.103
az1753 0 10 0.000
az1754 0 10 0.000
az1755 0 10 0.017
az1756 0 10 0.014
az1757 0 10 0.050
az1758 0 10 0.018
az1759 0 10 0.020
az1760 0 10 0.008
az1761 0 10 0.025
az1762 0 10 0.064
az1763 0 10 0.024
az1764 0 10 0.034
az1765 0 10 0.067
az1766 0 10 0.000
az1767 0 10 0.050
az1768 0 10 0.001
az1769 0 10 0.019
az1770 0 10 0.077
az1772 0 10 0.029
az1773 0 10 0.000
az1775 0 10 0.041
az1776 0 10 0.000
az1777 0 10 0.006
az1779 0 10 0.009
az1780 0 10 0.000
az1781 0 10 0.000
az1783 0 10 0.034
az1784 0 10 0.017
az1785 0 10 0.000
az1787 0 10 0.036
az1788 0 10 0.080
az1789 0 10 0.071
az1790 0 10 0.021
az1791 0 10 0.000
az1792 0 10 0.029
az1794 0 10 0.000
az1795 0 10 0.021
az1796 0 10 0.053
az1797 0 10 0.077
az1801 0 10 0.038
az1802 0 10 0.009
az1803 0 10 0.045
az1804 0 10 0.032
az1806 0 10 0.013
az1807 0 10 0.031
az1818 0 10 0.007
az1819 0 10 0.036
az1820 0 10 0.020
az1821 0 10 0.024
az1822 0 10 0.018
az1823 0 10 0.077
az1824 0 10 0.083
az1825 0 10 0.035
az1826 0 10 0.000
az1827 0 10 0.033
az1829 0 10 0.021
az1830 0 10 0.100
az1831 0 10 0.000
az1832 0 10 0.025
az1833 0 10 0.024
az1834 0 10 0.033
az1835 0 10 0.000
az1836 0 10 0.004
az1837 0 10 0.017
az1838 0 10 0.075
az1839 0 10 0.031
az1840 0 10 0.043
az1841 0 10 0.000
az1842 0 10 0.014
az1843 0 10 0.030
az1844 0 10 0.020
az1845 0 10 0.039
az1846 0 10 0.026
az1847 0 10 0.054
az1848 0 10 0.036
az1849 0 10 0.000
az1850 0 10 0.062
az1851 0 10 0.036
az1852 0 10 0.014
az1854 0 10 0.041
az1855 0 10 0.012
az1856 0 10 0.000
az1857 0 10 0.021
az1858 0 10 0.015
az1859 0 10 0.000
az1860 0 10 0.000
az1861 0 10 0.023
az1862 0 10 0.014
az1863 0 10 0.023
az1864 0 10 0.040
az1865 0 10 0.075
az1866 0 10 0.095
az1867 0 10 0.024
az1868 0 10 0.023
az1869 0 10 0.029
az1870 0 10 0.079
az1871 0 10 0.000
az1872 0 10 0.026
az1873 0 10 0.028
az1874 0 10 0.133
az1875 0 10 0.016
az1876 0 10 0.016
az1877 0 10 0.000
az1878 0 10 0.021
az1881 0 10 0.024
az1882 0 10 0.014
az1883 0 10 0.025
az1894 0 10 0.077
az1895 0 10 0.043
az1896 0 10 0.022
az1897 0 10 0.024
az1898 0 10 0.029
az1899 0 10 0.000
az1900 0 10 0.031
az1901 0 10 0.027
az1902 0 10 0.032
az1903 0 10 0.034
az1904 0 10 0.000
az1905 0 10 0.014
az1906 0 10 0.008
az1907 0 10 0.019
az1908 0 10 0.033
az1909 0 10 0.024
az1910 0 10 0.030
az1911 0 10 0.026
az1912 0 10 0.000
az1913 0 10 0.000
az1914 0 10 0.091
az1915 0 10 0.028
az1916 0 10 0.024
az1917 0 10 0.017
az1918 0 10 0.027
az1919 0 10 0.015
az1920 0 10 0.083
az1921 0 10 0.010
az1923 0 10 0.041
az1924 0 10 0.045
az1925 0 10 0.019
az1926 0 10 0.024
az1927 0 10 0.069
az1928 0 10 0.017
az1929 0 10 0.000
az1930 0 10 0.000
az1931 0 10 0.012
az1932 0 10 0.009
az1933 0 10 0.005
az1934 0 10 0.021
az1935 0 10 0.037
az1936 0 10 0.039
az1937 0 10 0.008
az1938 0 10 0.022
az1949 0 10 0.030
az1950 0 10 0.009
az1951 0 10 0.021
az1952 0 10 0.023
az1953 0 10 0.062
az1954 0 10 0.000
az1955 0 10 0.043
az1956 0 10 0.021
az1957 0 10 0.054
az1958 0 10 0.050
az1959 0 10 0.028
az1960 0 10 0.022
az1961 0 10 0.017
az1962 0 10 0.012
az1963 0 10 0.028
az1964 0 10 0.029
az1965 0 10 0.022
az1966 0 10 0.000
az1967 0 10 0.000
az1968 0 10 0.021
az1969 0 10 0.029
az1970 0 10 0.013
az1971 0 10 0.000
az1972 0 10 0.022
az1983 0 10 0.042
az1984 0 10 0.024
az1985 0 10 0.000
az1986 0 10 0.014
az1987 0 10 0.014
az1988 0 10 0.018
az1989 0 10 0.010
az1990 0 10 0.024
az2001 0 10 0.016
