az16 0 10 1.000
az31 0 10 0.988
az38 0 10 0.982
az49 0 10 0.896
az54 0 10 0.984
az55 0 10 0.949
az58 0 10 0.532
az60 0 10 0.978
az67 0 10 0.890
az68 0 10 0.977
az69 0 10 0.650
az70 0 10 0.948
az86 0 10 0.863
az90 0 10 0.667
az94 0 10 0.800
az97 0 10 0.852
az99 0 10 0.891
az105 0 10 0.739
az106 0 10 0.929
az108 0 10 0.942
az110 0 10 0.947
az115 0 10 0.963
az119 0 10 0.964
az129 0 10 0.545
az132 0 10 0.878
az136 0 10 0.479
az142 0 10 0.617
az146 0 10 0.365
az149 0 10 0.315
az152 0 10 0.496
az156 0 10 0.514
az158 0 10 0.293
az161 0 10 0.358
az163 0 10 0.952
az165 0 10 0.934
az167 0 10 0.927
az171 0 10 0.759
az176 0 10 0.928
az177 0 10 0.554
az182 0 10 0.893
az186 0 10 0.943
az192 0 10 0.931
az194 0 10 0.526
az198 0 10 0.573
az201 0 10 0.874
az204 0 10 0.953
az205 0 10 0.698
az207 0 10 0.548
az208 0 10 0.929
az209 0 10 0.593
az212 0 10 0.970
az213 0 10 0.878
az214 0 10 0.944
az221 0 10 0.909
az224 0 10 0.848
az227 0 10 0.947
az228 0 10 0.846
az229 0 10 0.891
az231 0 10 0.712
az232 0 10 0.720
az250 0 10 0.733
az253 0 10 0.819
az259 0 10 0.618
az261 0 10 0.605
az265 0 10 0.982
az267 0 10 0.667
az268 0 10 0.244
az271 0 10 0.813
az279 0 10 0.380
az282 0 10 0.516
az288 0 10 0.347
az295 0 10 0.916
az296 0 10 0.796
az299 0 10 0.870
az300 0 10 0.546
az306 0 10 0.722
az313 0 10 0.402
az315 0 10 0.465
az320 0 10 0.977
az321 0 10 0.872
az324 0 10 0.398
az327 0 10 0.658
az328 0 10 0.591
az330 0 10 0.832
az331 0 10 0.777
az332 0 10 0.734
az336 0 10 0.893
az342 0 10 0.707
az344 0 10 0.680
az347 0 10 0.637
az352 0 10 0.783
az357 0 10 0.757
az358 0 10 0.549
az362 0 10 0.907
az363 0 10 0.919
az364 0 10 0.721
az368 0 10 0.356
az370 0 10 0.913
az372 0 10 0.470
az374 0 10 0.562
az379 0 10 0.477
az380 0 10 0.889
az382 0 10 0.973
az386 0 10 0.390
az389 0 10 0.597
az390 0 10 0.792
az395 0 10 0.869
az401 0 10 0.712
az403 0 10 0.715
az405 0 10 0.664
az407 0 10 0.557
az409 0 10 0.599
az411 0 10 0.619
az413 0 10 0.923
az418 0 10 0.366
az420 0 10 0.564
az421 0 10 0.848
az422 0 10 0.448
az424 0 10 0.639
az425 0 10 0.578
az428 0 10 0.900
az430 0 10 0.784
az432 0 10 0.576
az433 0 10 0.949
az436 0 10 0.682
az438 0 10 0.565
az444 0 10 0.713
az446 0 10 0.525
az476 0 10 0.310
az481 0 10 0.910
az485 0 10 0.662
az486 0 10 0.453
az497 0 10 0.585
az501 0 10 0.881
az503 0 10 0.627
az504 0 10 0.544
az506 0 10 0.233
az511 0 10 0.496
az512 0 10 0.194
az513 0 10 0.621
az514 0 10 0.429
az515 0 10 0.207
az517 0 10 0.036
az520 0 10 0.677
az522 0 10 0.988
az525 0 10 0.308
az529 0 10 0.746
az530 0 10 0.000
az531 0 10 0.647
az535 0 10 0.457
az538 0 10 0.431
az540 0 10 0.278
az541 0 10 0.611
az542 0 10 0.681
az543 0 10 0.843
az544 0 10 0.720
az545 0 10 0.861
az546 0 10 0.538
az547 0 10 0.737
az548 0 10 0.361
az553 0 10 0.400
az556 0 10 0.589
az560 0 10 0.521
az562 0 10 0.659
az564 0 10 0.484
az567 0 10 0.343
az575 0 10 0.326
az585 0 10 0.297
az588 0 10 0.679
az593 0 10 0.225
az595 0 10 0.742
az596 0 10 0.344
az597 0 10 0.523
az601 0 10 0.161
az610 0 10 0.737
az611 0 10 0.654
az612 0 10 0.833
az614 0 10 0.423
az617 0 10 0.900
az618 0 10 0.620
az622 0 10 0.606
az623 0 10 0.409
az624 0 10 0.489
az625 0 10 0.750
az627 0 10 0.460
az629 0 10 0.473
az630 0 10 0.610
az631 0 10 0.927
az633 0 10 0.872
az635 0 10 0.500
az636 0 10 0.284
az643 0 10 0.280
az647 0 10 0.750
az649 0 10 0.629
az650 0 10 0.464
az652 0 10 0.490
az654 0 10 0.484
az655 0 10 0.745
az661 0 10 0.318
az672 0 10 0.528
az675 0 10 0.469
az679 0 10 0.489
az681 0 10 0.578
az682 0 10 0.045
az684 0 10 0.340
az691 0 10 0.481
az698 0 10 0.586
az701 0 10 0.222
az702 0 10 0.693
az713 0 10 0.057
az725 0 10 0.249
az728 0 10 0.111
az730 0 10 0.413
az731 0 10 0.392
az733 0 10 0.544
az734 0 10 0.425
az735 0 10 0.536
az737 0 10 0.368
az738 0 10 0.396
az739 0 10 0.349
az755 0 10 0.859
az758 0 10 0.192
az762 0 10 0.158
az771 0 10 0.298
az777 0 10 0.408
az779 0 10 0.230
az780 0 10 0.433
az785 0 10 0.134
az788 0 10 0.192
az791 0 10 0.309
az795 0 10 0.067
az797 0 10 0.454
az799 0 10 0.000
az801 0 10 0.427
az804 0 10 0.432
az807 0 10 0.129
az808 0 10 0.038
az815 0 10 0.497
az818 0 10 0.377
az821 0 10 0.331
az823 0 10 0.152
az835 0 10 0.080
az839 0 10 0.492
az841 0 10 0.505
az848 0 10 0.681
az850 0 10 0.426
az852 0 10 0.269
az855 0 10 0.146
az859 0 10 0.305
az860 0 10 0.400
az862 0 10 0.385
az864 0 10 0.308
az868 0 10 0.500
az870 0 10 0.722
az871 0 10 0.673
az873 0 10 0.168
az879 0 10 0.375
az880 0 10 0.487
az881 0 10 0.241
az885 0 10 0.579
az886 0 10 0.278
az891 0 10 0.277
az893 0 10 0.473
az896 0 10 0.343
az898 0 10 0.136
az900 0 10 0.246
az903 0 10 0.627
az904 0 10 0.376
az906 0 10 0.422
az908 0 10 0.650
az911 0 10 0.323
az912 0 10 0.842
az913 0 10 0.428
az923 0 10 0.438
az925 0 10 0.438
az934 0 10 0.911
az936 0 10 0.814
az938 0 10 0.764
az939 0 10 0.256
az940 0 10 0.776
az942 0 10 0.340
az945 0 10 0.572
az947 0 10 0.600
az949 0 10 0.626
az951 0 10 0.555
az956 0 10 0.324
az961 0 10 0.914
az962 0 10 0.902
az963 0 10 0.441
az964 0 10 0.077
az975 0 10 0.323
az978 0 10 0.423
az979 0 10 0.867
az982 0 10 0.621
az984 0 10 0.282
az986 0 10 0.385
az987 0 10 0.259
az992 0 10 0.568
az997 0 10 0.522
az998 0 10 0.377
az1009 0 10 0.190
az1013 0 10 0.601
az1017 0 10 0.133
az1033 0 10 0.356
az1037 0 10 0.732
az1042 0 10 0.778
az1046 0 10 0.275
az1048 0 10 0.437
az1049 0 10 0.242
az1053 0 10 0.530
az1055 0 10 0.782
az1057 0 10 0.212
az1064 0 10 0.201
az1065 0 10 0.346
az1068 0 10 0.367
az1069 0 10 0.299
az1075 0 10 0.112
az1079 0 10 0.340
az1083 0 10 0.542
az1087 0 10 0.381
az1089 0 10 0.199
az1091 0 10 0.348
az1094 0 10 0.262
az1098 0 10 0.043
az1100 0 10 0.435
az1103 0 10 0.133
az1107 0 10 0.235
az1110 0 10 0.610
az1111 0 10 0.235
az1116 0 10 0.185
az1119 0 10 0.409
az1121 0 10 0.153
az1124 0 10 0.471
az1126 0 10 0.226
az1127 0 10 0.448
az1129 0 10 0.270
az1131 0 10 0.372
az1132 0 10 0.162
az1133 0 10 0.337
az1137 0 10 0.367
az1141 0 10 0.157
az1142 0 10 0.159
az1144 0 10 0.027
az1145 0 10 0.074
az1150 0 10 0.150
az1163 0 10 0.247
az1168 0 10 0.019
az1169 0 10 0.497
az1170 0 10 0.234
az1176 0 10 0.786
az1179 0 10 0.119
az1183 0 10 0.233
az1190 0 10 0.018
az1202 0 10 0.247
az1207 0 10 0.209
az1210 0 10 0.260
az1222 0 10 0.379
az1226 0 10 0.182
az1227 0 10 0.095
az1230 0 10 0.334
az1232 0 10 0.362
az1233 0 10 0.038
az1236 0 10 0.660
az1243 0 10 0.154
az1245 0 10 0.102
az1246 0 10 0.105
az1248 0 10 0.085
az1252 0 10 0.250
az1254 0 10 0.292
az1255 0 10 0.571
az1258 0 10 0.357
az1259 0 10 0.424
az1260 0 10 0.078
az1261 0 10 0.143
az1263 0 10 0.213
az1264 0 10 0.250
az1265 0 10 0.663
az1274 0 10 0.533
az1275 0 10 0.000
az1282 0 10 0.180
az1285 0 10 0.205
az1292 0 10 0.045
az1298 0 10 0.142
az1303 0 10 0.314
az1308 0 10 0.157
az1312 0 10 0.684
az1315 0 10 0.000
az1317 0 10 0.278
az1318 0 10 0.530
az1319 0 10 0.536
az1320 0 10 0.136
az1325 0 10 0.375
az1342 0 10 0.303
az1343 0 10 0.236
az1348 0 10 0.771
az1349 0 10 0.199
az1350 0 10 0.438
az1353 0 10 0.252
az1357 0 10 0.154
az1361 0 10 0.485
az1362 0 10 0.364
az1367 0 10 0.232
az1370 0 10 0.067
az1373 0 10 0.254
az1374 0 10 0.500
az1379 0 10 0.057
az1380 0 10 0.410
az1384 0 10 0.455
az1392 0 10 0.111
az1393 0 10 0.293
az1394 0 10 0.000
az1401 0 10 0.343
az1402 0 10 0.370
az1415 0 10 0.843
az1425 0 10 0.315
az1428 0 10 0.300
az1429 0 10 0.468
az1432 0 10 0.413
az1435 0 10 0.455
az1441 0 10 0.366
az1443 0 10 0.000
az1446 0 10 0.547
az1447 0 10 0.037
az1448 0 10 0.403
az1449 0 10 0.554
az1452 0 10 0.361
az1455 0 10 0.113
az1466 0 10 0.250
az1470 0 10 0.318
az1475 0 10 0.193
az1482 0 10 0.061
az1489 0 10 0.016
az1494 0 10 0.200
az1499 0 10 0.111
az1502 0 10 0.335
az1503 0 10 0.429
az1505 0 10 0.256
az1511 0 10 0.259
az1517 0 10 0.013
az1522 0 10 0.511
az1523 0 10 0.053
az1524 0 10 0.192
az1528 0 10 0.118
az1529 0 10 0.255
az1530 0 10 0.400
az1533 0 10 0.224
az1534 0 10 0.050
az1537 0 10 0.000
az1545 0 10 0.091
az1547 0 10 0.156
az1549 0 10 0.025
az1551 0 10 0.333
az1553 0 10 0.183
az1554 0 10 0.244
az1555 0 10 0.049
az1558 0 10 0.033
az1561 0 10 0.117
az1564 0 10 0.118
az1566 0 10 0.406
az1568 0 10 0.100
az1569 0 10 0.430
az1570 0 10 0.080
az1581 0 10 0.333
az1587 0 10 0.283
az1588 0 10 0.224
az1589 0 10 0.125
az1598 0 10 0.229
az1600 0 10 0.053
az1605 0 10 0.050
az1607 0 10 0.172
az1608 0 10 0.074
az1609 0 10 0.089
az1610 0 10 0.135
az1615 0 10 0.038
az1618 0 10 0.119
az1620 0 10 0.089
az1622 0 10 0.246
az1625 0 10 0.067
az1629 0 10 0.118
az1630 0 10 0.000
az1639 0 10 0.328
az1652 0 10 0.043
az1653 0 10 0.000
az1655 0 10 0.047
az1656 0 10 0.244
az1658 0 10 0.100
az1660 0 10 0.033
az1664 0 10 0.143
az1666 0 10 0.020
az1668 0 10 0.000
az1673 0 10 0.204
az1688 0 10 0.000
az1690 0 10 0.743
az1693 0 10 0.062
az1694 0 10 0.333
az1695 0 10 0.130
az1699 0 10 0.083
az1702 0 10 0.023
az1703 0 10 0.237
az1715 0 10 0.024
az1720 0 10 0.190
az1722 0 10 0.013
az1727 0 10 0.136
az1728 0 10 0.043
az1729 0 10 0.156
az1732 0 10 0.029
az1741 0 10 0.194
az1744 0 10 0.000
az1745 0 10 0.112
az1746 0 10 0.129
az1748 0 10 0.386
az1749 0 10 0.167
az1751 0 10 0.026
az1753 0 10 0.056
az1754 0 10 0.191
az1758 0 10 0.103
az1761 0 10 0.150
az1763 0 10 0.207
az1766 0 10 0.097
az1767 0 10 0.100
az1768 0 10 0.158
az1770 0 10 0.154
az1771 0 10 0.310
az1772 0 10 0.000
az1776 0 10 0.154
az1780 0 10 0.333
az1784 0 10 0.073
az1786 0 10 0.159
az1787 0 10 0.278
az1788 0 10 0.080
az1793 0 10 0.143
az1794 0 10 0.130
az1795 0 10 0.251
az1800 0 10 0.031
az1805 0 10 0.000
az1818 0 10 0.315
az1820 0 10 0.127
az1822 0 10 0.063
az1823 0 10 0.000
az1825 0 10 0.110
az1827 0 10 0.133
az1829 0 10 0.085
az1830 0 10 0.100
az1831 0 10 0.460
az1832 0 10 0.114
az1833 0 10 0.098
az1836 0 10 0.165
az1837 0 10 0.009
az1840 0 10 0.043
az1842 0 10 0.150
az1845 0 10 0.124
az1848 0 10 0.143
az1849 0 10 0.305
az1850 0 10 0.281
az1852 0 10 0.138
az1853 0 10 0.133
az1854 0 10 0.014
az1856 0 10 0.211
az1858 0 10 0.180
az1860 0 10 0.125
az1863 0 10 0.023
az1865 0 10 0.175
az1866 0 10 0.048
az1872 0 10 0.213
az1874 0 10 0.000
az1877 0 10 0.101
az1879 0 10 0.107
az1881 0 10 0.000
az1882 0 10 0.054
az1895 0 10 0.000
az1898 0 10 0.043
az1899 0 10 0.182
az1902 0 10 0.055
az1903 0 10 0.125
az1905 0 10 0.257
az1908 0 10 0.138
az1909 0 10 0.059
az1910 0 10 0.121
az1911 0 10 0.113
az1913 0 10 0.064
az1914 0 10 0.000
az1915 0 10 0.131
az1920 0 10 0.146
az1921 0 10 0.038
az1922 0 10 0.171
az1923 0 10 0.015
az1924 0 10 0.068
az1926 0 10 0.049
az1927 0 10 0.028
az1930 0 10 0.074
az1933 0 10 0.143
az1934 0 10 0.092
az1935 0 10 0.062
az1938 0 10 0.086
az1949 0 10 0.058
az1950 0 10 0.092
az1952 0 10 0.090
az1953 0 10 0.083
az1954 0 10 0.345
az1955 0 10 0.130
az1958 0 10 0.050
az1959 0 10 0.089
az1961 0 10 0.065
az1964 0 10 0.051
az1965 0 10 0.037
az1966 0 10 0.000
az1967 0 10 0.097
az1968 0 10 0.482
az1969 0 10 0.070
az1971 0 10 0.025
az1972 0 10 0.043
az1983 0 10 0.048
az1984 0 10 0.064
az1985 0 10 0.000
az1986 0 10 0.060
az1987 0 10 0.081
az1989 0 10 0.040
az1990 0 10 0.122
az2001 0 10 0.048
