az43 0 10 0.220
az52 0 10 0.044
az55 0 10 0.051
az63 0 10 0.082
az85 0 10 0.040
az97 0 10 0.034
az104 0 10 0.025
az125 0 10 0.219
az126 0 10 0.220
az127 0 10 0.136
az129 0 10 0.017
az130 0 10 0.042
az131 0 10 0.055
az132 0 10 0.037
az160 0 10 0.171
az163 0 10 0.024
az164 0 10 0.188
az165 0 10 0.049
az166 0 10 0.319
az167 0 10 0.029
az168 0 10 0.307
az169 0 10 0.079
az170 0 10 0.017
az171 0 10 0.009
az172 0 10 0.114
az173 0 10 0.094
az174 0 10 0.103
az175 0 10 0.200
az176 0 10 0.048
az179 0 10 0.435
az180 0 10 0.000
az181 0 10 0.042
az182 0 10 0.000
az183 0 10 0.039
az185 0 10 0.133
az186 0 10 0.050
az187 0 10 0.033
az188 0 10 0.697
az189 0 10 0.383
az190 0 10 0.075
az246 0 10 0.200
az248 0 10 0.014
az251 0 10 0.085
az252 0 10 0.065
az253 0 10 0.084
az254 0 10 0.300
az257 0 10 0.068
az259 0 10 0.092
az264 0 10 0.026
az266 0 10 0.066
az270 0 10 0.033
az273 0 10 0.059
az274 0 10 0.075
az275 0 10 0.026
az277 0 10 0.051
az279 0 10 0.040
az280 0 10 0.109
az282 0 10 0.000
az283 0 10 0.164
az289 0 10 0.059
az292 0 10 0.097
az296 0 10 0.047
az298 0 10 0.250
az299 0 10 0.023
az327 0 10 0.035
az332 0 10 0.012
az334 0 10 0.056
az340 0 10 0.031
az348 0 10 0.088
az357 0 10 0.039
az361 0 10 0.043
az382 0 10 0.014
az388 0 10 0.015
az396 0 10 0.045
az397 0 10 0.011
az399 0 10 0.037
az402 0 10 0.083
az427 0 10 0.097
az428 0 10 0.044
az429 0 10 0.382
az431 0 10 0.058
az434 0 10 0.079
az450 0 10 0.000
az452 0 10 0.037
az466 0 10 0.167
az468 0 10 0.023
az472 0 10 0.013
az477 0 10 0.034
az480 0 10 0.043
az482 0 10 0.070
az485 0 10 0.056
az488 0 10 0.078
az489 0 10 0.027
az491 0 10 0.095
az496 0 10 0.082
az499 0 10 0.050
az502 0 10 0.000
az503 0 10 0.020
az504 0 10 0.020
az508 0 10 0.067
az509 0 10 0.480
az510 0 10 0.043
az512 0 10 0.009
az513 0 10 0.028
az514 0 10 0.286
az515 0 10 0.000
az516 0 10 0.056
az518 0 10 0.090
az520 0 10 0.007
az521 0 10 0.000
az522 0 10 0.006
az523 0 10 0.068
az524 0 10 0.056
az526 0 10 0.067
az536 0 10 0.038
az537 0 10 0.135
az544 0 10 0.080
az545 0 10 0.025
az547 0 10 0.012
az552 0 10 0.099
az558 0 10 0.080
az565 0 10 0.073
az567 0 10 0.060
az568 0 10 0.090
az569 0 10 0.079
az571 0 10 0.074
az577 0 10 0.044
az578 0 10 0.058
az579 0 10 0.079
az580 0 10 0.077
az581 0 10 0.000
az582 0 10 0.070
az589 0 10 0.036
az590 0 10 0.041
az602 0 10 0.087
az603 0 10 0.055
az604 0 10 0.063
az605 0 10 0.000
az607 0 10 0.111
az609 0 10 0.238
az633 0 10 0.000
az634 0 10 0.308
az660 0 10 0.132
az682 0 10 0.000
az684 0 10 0.019
az685 0 10 0.192
az686 0 10 0.025
az687 0 10 0.000
az688 0 10 0.084
az691 0 10 0.028
az693 0 10 0.018
az694 0 10 0.043
az695 0 10 0.100
az724 0 10 0.026
az728 0 10 0.000
az729 0 10 0.002
az736 0 10 0.078
az738 0 10 0.132
az739 0 10 0.061
az740 0 10 0.025
az741 0 10 0.033
az742 0 10 0.108
az743 0 10 0.130
az744 0 10 0.029
az745 0 10 0.012
az746 0 10 0.018
az747 0 10 0.093
az748 0 10 0.067
az749 0 10 0.042
az750 0 10 0.009
az751 0 10 0.054
az752 0 10 0.040
az753 0 10 0.000
az754 0 10 0.040
az755 0 10 0.078
az756 0 10 0.100
az757 0 10 0.182
az758 0 10 0.068
az759 0 10 0.055
az760 0 10 0.080
az762 0 10 0.263
az764 0 10 0.093
az765 0 10 0.061
az766 0 10 0.046
az767 0 10 0.072
az768 0 10 0.083
az769 0 10 0.059
az770 0 10 0.070
az771 0 10 0.063
az772 0 10 0.095
az773 0 10 0.025
az774 0 10 0.062
az775 0 10 0.054
az776 0 10 0.050
az777 0 10 0.046
az778 0 10 0.037
az779 0 10 0.070
az780 0 10 0.048
az781 0 10 0.074
az782 0 10 0.056
az783 0 10 0.119
az784 0 10 0.067
az785 0 10 0.127
az786 0 10 0.055
az787 0 10 0.064
az788 0 10 0.051
az789 0 10 0.089
az790 0 10 0.075
az802 0 10 0.046
az837 0 10 0.090
az838 0 10 0.075
az842 0 10 0.064
az849 0 10 0.190
az853 0 10 0.059
az857 0 10 0.183
az858 0 10 0.026
az870 0 10 0.000
az877 0 10 0.043
az885 0 10 0.039
az887 0 10 0.026
az888 0 10 0.000
az889 0 10 0.036
az891 0 10 0.021
az892 0 10 0.029
az894 0 10 0.015
az895 0 10 0.051
az906 0 10 0.043
az908 0 10 0.150
az910 0 10 0.109
az912 0 10 0.018
az914 0 10 0.031
az916 0 10 0.101
az922 0 10 0.165
az923 0 10 0.108
az924 0 10 0.133
az926 0 10 0.104
az932 0 10 0.144
az933 0 10 0.119
az934 0 10 0.000
az935 0 10 0.175
az936 0 10 0.070
az938 0 10 0.013
az940 0 10 0.072
az944 0 10 0.018
az945 0 10 0.029
az946 0 10 0.047
az953 0 10 0.102
az955 0 10 0.028
az956 0 10 0.000
az957 0 10 0.034
az958 0 10 0.054
az960 0 10 0.037
az975 0 10 0.097
az976 0 10 0.007
az977 0 10 0.026
az980 0 10 0.064
az984 0 10 0.047
az985 0 10 0.000
az988 0 10 0.116
az990 0 10 0.099
az991 0 10 0.055
az992 0 10 0.067
az994 0 10 0.085
az996 0 10 0.049
az998 0 10 0.090
az999 0 10 0.094
az1000 0 10 0.000
az1004 0 10 0.116
az1005 0 10 0.090
az1014 0 10 0.099
az1015 0 10 0.095
az1017 0 10 0.081
az1018 0 10 0.082
az1019 0 10 0.080
az1020 0 10 0.053
az1021 0 10 0.048
az1022 0 10 0.089
az1039 0 10 0.055
az1040 0 10 0.057
az1044 0 10 0.076
az1045 0 10 0.120
az1046 0 10 0.073
az1050 0 10 0.075
az1053 0 10 0.010
az1054 0 10 0.038
az1055 0 10 0.000
az1059 0 10 0.097
az1071 0 10 0.032
az1074 0 10 0.085
az1075 0 10 0.010
az1076 0 10 0.010
az1077 0 10 0.037
az1078 0 10 0.031
az1079 0 10 0.086
az1080 0 10 0.049
az1081 0 10 0.068
az1082 0 10 0.096
az1083 0 10 0.036
az1084 0 10 0.061
az1085 0 10 0.042
az1086 0 10 0.049
az1090 0 10 0.013
az1091 0 10 0.079
az1092 0 10 0.130
az1093 0 10 0.138
az1094 0 10 0.060
az1095 0 10 0.103
az1096 0 10 0.073
az1097 0 10 0.046
az1098 0 10 0.064
az1099 0 10 0.035
az1101 0 10 0.007
az1102 0 10 0.019
az1103 0 10 0.336
az1104 0 10 0.080
az1105 0 10 0.080
az1106 0 10 0.080
az1107 0 10 0.061
az1108 0 10 0.067
az1109 0 10 0.076
az1110 0 10 0.014
az1111 0 10 0.047
az1112 0 10 0.028
az1113 0 10 0.225
az1114 0 10 0.034
az1115 0 10 0.163
az1116 0 10 0.065
az1118 0 10 0.088
az1120 0 10 0.097
az1121 0 10 0.145
az1122 0 10 0.187
az1123 0 10 0.133
az1124 0 10 0.058
az1125 0 10 0.043
az1126 0 10 0.020
az1128 0 10 0.100
az1129 0 10 0.077
az1131 0 10 0.038
az1132 0 10 0.075
az1134 0 10 0.043
az1135 0 10 0.059
az1136 0 10 0.077
az1137 0 10 0.071
az1138 0 10 0.087
az1139 0 10 0.116
az1140 0 10 0.033
az1141 0 10 0.057
az1143 0 10 0.019
az1144 0 10 0.110
az1148 0 10 0.132
az1150 0 10 0.100
az1151 0 10 0.035
az1152 0 10 0.093
az1153 0 10 0.067
az1154 0 10 0.100
az1155 0 10 0.068
az1157 0 10 0.038
az1158 0 10 0.145
az1161 0 10 0.023
az1162 0 10 0.047
az1164 0 10 0.019
az1167 0 10 0.134
az1168 0 10 0.087
az1170 0 10 0.028
az1171 0 10 0.000
az1172 0 10 0.034
az1173 0 10 0.113
az1174 0 10 0.017
az1175 0 10 0.021
az1178 0 10 0.092
az1179 0 10 0.050
az1180 0 10 0.037
az1181 0 10 0.006
az1182 0 10 0.008
az1183 0 10 0.177
az1184 0 10 0.221
az1185 0 10 0.042
az1186 0 10 0.038
az1187 0 10 0.063
az1189 0 10 0.023
az1190 0 10 0.019
az1191 0 10 0.069
az1202 0 10 0.100
az1203 0 10 0.244
az1204 0 10 0.167
az1205 0 10 0.013
az1207 0 10 0.091
az1208 0 10 0.168
az1209 0 10 0.082
az1213 0 10 0.069
az1214 0 10 0.043
az1215 0 10 0.023
az1216 0 10 0.064
az1217 0 10 0.051
az1218 0 10 0.033
az1221 0 10 0.166
az1222 0 10 0.076
az1224 0 10 0.040
az1225 0 10 0.138
az1226 0 10 0.065
az1227 0 10 0.000
az1228 0 10 0.007
az1229 0 10 0.083
az1230 0 10 0.053
az1231 0 10 0.105
az1234 0 10 0.044
az1235 0 10 0.045
az1236 0 10 0.010
az1237 0 10 0.024
az1238 0 10 0.075
az1239 0 10 0.039
az1240 0 10 0.031
az1241 0 10 0.046
az1242 0 10 0.069
az1243 0 10 0.090
az1244 0 10 0.032
az1245 0 10 0.136
az1246 0 10 0.019
az1247 0 10 0.029
az1248 0 10 0.404
az1249 0 10 0.068
az1250 0 10 0.045
az1251 0 10 0.051
az1253 0 10 0.038
az1254 0 10 0.034
az1255 0 10 0.048
az1256 0 10 0.036
az1257 0 10 0.107
az1258 0 10 0.069
az1259 0 10 0.056
az1261 0 10 0.000
az1262 0 10 0.044
az1263 0 10 0.059
az1265 0 10 0.000
az1266 0 10 0.144
az1267 0 10 0.063
az1268 0 10 0.101
az1269 0 10 0.232
az1270 0 10 0.040
az1271 0 10 0.066
az1273 0 10 0.050
az1275 0 10 0.056
az1276 0 10 0.088
az1277 0 10 0.023
az1278 0 10 0.065
az1279 0 10 0.050
az1281 0 10 0.000
az1282 0 10 0.116
az1283 0 10 0.094
az1284 0 10 0.282
az1285 0 10 0.111
az1286 0 10 0.107
az1287 0 10 0.058
az1290 0 10 0.092
az1298 0 10 0.063
az1299 0 10 0.086
az1301 0 10 0.062
az1302 0 10 0.079
az1303 0 10 0.069
az1304 0 10 0.053
az1305 0 10 0.066
az1307 0 10 0.200
az1312 0 10 0.043
az1314 0 10 0.102
az1315 0 10 0.079
az1316 0 10 0.049
az1317 0 10 0.139
az1318 0 10 0.038
az1319 0 10 0.030
az1320 0 10 0.068
az1321 0 10 0.048
az1322 0 10 0.105
az1323 0 10 0.097
az1326 0 10 0.041
az1327 0 10 0.059
az1328 0 10 0.051
az1329 0 10 0.150
az1330 0 10 0.054
az1331 0 10 0.045
az1332 0 10 0.092
az1333 0 10 0.037
az1334 0 10 0.055
az1335 0 10 0.072
az1336 0 10 0.128
az1337 0 10 0.046
az1338 0 10 0.068
az1339 0 10 0.165
az1340 0 10 0.080
az1341 0 10 0.028
az1342 0 10 0.028
az1343 0 10 0.108
az1344 0 10 0.075
az1345 0 10 0.208
az1346 0 10 0.000
az1347 0 10 0.097
az1348 0 10 0.012
az1349 0 10 0.003
az1350 0 10 0.011
az1351 0 10 0.021
az1352 0 10 0.106
az1353 0 10 0.103
az1354 0 10 0.130
az1355 0 10 0.072
az1356 0 10 0.079
az1357 0 10 0.191
az1358 0 10 0.036
az1359 0 10 0.068
az1360 0 10 0.049
az1361 0 10 0.005
az1362 0 10 0.091
az1363 0 10 0.017
az1364 0 10 0.027
az1365 0 10 0.033
az1366 0 10 0.000
az1367 0 10 0.044
az1368 0 10 0.051
az1369 0 10 0.057
az1376 0 10 0.155
az1382 0 10 0.022
az1400 0 10 0.125
az1402 0 10 0.000
az1403 0 10 0.087
az1414 0 10 0.065
az1415 0 10 0.012
az1416 0 10 0.021
az1417 0 10 0.069
az1418 0 10 0.009
az1419 0 10 0.100
az1420 0 10 0.045
az1422 0 10 0.071
az1423 0 10 0.031
az1424 0 10 0.024
az1425 0 10 0.024
az1427 0 10 0.014
az1428 0 10 0.000
az1429 0 10 0.000
az1430 0 10 0.033
az1431 0 10 0.031
az1432 0 10 0.065
az1433 0 10 0.315
az1434 0 10 0.069
az1436 0 10 0.056
az1437 0 10 0.117
az1438 0 10 0.088
az1439 0 10 0.163
az1440 0 10 0.044
az1441 0 10 0.000
az1442 0 10 0.045
az1444 0 10 0.079
az1445 0 10 0.028
az1446 0 10 0.072
az1447 0 10 0.118
az1448 0 10 0.138
az1450 0 10 0.036
az1451 0 10 0.020
az1452 0 10 0.006
az1453 0 10 0.148
az1455 0 10 0.115
az1458 0 10 0.011
az1459 0 10 0.152
az1460 0 10 0.067
az1461 0 10 0.028
az1462 0 10 0.049
az1464 0 10 0.083
az1465 0 10 0.106
az1466 0 10 0.090
az1467 0 10 0.070
az1468 0 10 0.038
az1469 0 10 0.119
az1470 0 10 0.045
az1471 0 10 0.005
az1473 0 10 0.090
az1474 0 10 0.053
az1475 0 10 0.152
az1476 0 10 0.062
az1477 0 10 0.066
az1478 0 10 0.042
az1479 0 10 0.095
az1480 0 10 0.085
az1481 0 10 0.064
az1482 0 10 0.091
az1483 0 10 0.032
az1484 0 10 0.013
az1485 0 10 0.103
az1486 0 10 0.237
az1487 0 10 0.171
az1489 0 10 0.095
az1491 0 10 0.085
az1493 0 10 0.071
az1494 0 10 0.044
az1496 0 10 0.025
az1497 0 10 0.113
az1498 0 10 0.088
az1499 0 10 0.035
az1500 0 10 0.077
az1501 0 10 0.124
az1502 0 10 0.013
az1503 0 10 0.052
az1504 0 10 0.072
az1505 0 10 0.032
az1506 0 10 0.087
az1507 0 10 0.130
az1508 0 10 0.177
az1509 0 10 0.067
az1510 0 10 0.045
az1511 0 10 0.017
az1512 0 10 0.095
az1513 0 10 0.050
az1514 0 10 0.022
az1517 0 10 0.044
az1519 0 10 0.105
az1520 0 10 0.078
az1521 0 10 0.058
az1522 0 10 0.025
az1523 0 10 0.038
az1526 0 10 0.103
az1531 0 10 0.038
az1532 0 10 0.030
az1534 0 10 0.050
az1536 0 10 0.088
az1537 0 10 0.030
az1538 0 10 0.095
az1539 0 10 0.000
az1540 0 10 0.094
az1541 0 10 0.059
az1542 0 10 0.016
az1543 0 10 0.109
az1544 0 10 0.150
az1546 0 10 0.149
az1547 0 10 0.028
az1548 0 10 0.000
az1550 0 10 0.009
az1552 0 10 0.083
az1553 0 10 0.056
az1554 0 10 0.089
az1555 0 10 0.123
az1556 0 10 0.136
az1557 0 10 0.072
az1558 0 10 0.166
az1559 0 10 0.082
az1560 0 10 0.043
az1561 0 10 0.078
az1562 0 10 0.176
az1563 0 10 0.077
az1565 0 10 0.085
az1566 0 10 0.017
az1568 0 10 0.033
az1569 0 10 0.004
az1581 0 10 0.030
az1582 0 10 0.206
az1583 0 10 0.037
az1584 0 10 0.010
az1585 0 10 0.107
az1586 0 10 0.092
az1587 0 10 0.000
az1588 0 10 0.000
az1589 0 10 0.000
az1590 0 10 0.016
az1591 0 10 0.000
az1592 0 10 0.090
az1593 0 10 0.009
az1594 0 10 0.100
az1595 0 10 0.109
az1596 0 10 0.051
az1597 0 10 0.050
az1598 0 10 0.041
az1599 0 10 0.101
az1600 0 10 0.035
az1601 0 10 0.069
az1602 0 10 0.061
az1603 0 10 0.033
az1604 0 10 0.029
az1605 0 10 0.040
az1606 0 10 0.080
az1607 0 10 0.053
az1609 0 10 0.067
az1612 0 10 0.152
az1613 0 10 0.050
az1614 0 10 0.000
az1615 0 10 0.000
az1618 0 10 0.034
az1620 0 10 0.342
az1628 0 10 0.066
az1630 0 10 0.115
az1631 0 10 0.000
az1632 0 10 0.034
az1633 0 10 0.034
az1634 0 10 0.108
az1635 0 10 0.000
az1636 0 10 0.038
az1637 0 10 0.059
az1638 0 10 0.053
az1639 0 10 0.024
az1640 0 10 0.000
az1641 0 10 0.000
az1642 0 10 0.106
az1643 0 10 0.000
az1644 0 10 0.171
az1645 0 10 0.073
az1646 0 10 0.100
az1647 0 10 0.052
az1648 0 10 0.029
az1649 0 10 0.087
az1650 0 10 0.096
az1651 0 10 0.109
az1652 0 10 0.043
az1653 0 10 0.050
az1654 0 10 0.100
az1655 0 10 0.066
az1659 0 10 0.037
az1660 0 10 0.062
az1661 0 10 0.027
az1662 0 10 0.027
az1663 0 10 0.067
az1665 0 10 0.140
az1666 0 10 0.061
az1667 0 10 0.270
az1668 0 10 0.000
az1669 0 10 0.042
az1670 0 10 0.033
az1671 0 10 0.143
az1672 0 10 0.046
az1673 0 10 0.054
az1674 0 10 0.023
az1675 0 10 0.000
az1676 0 10 0.050
az1677 0 10 0.111
az1678 0 10 0.013
az1679 0 10 0.179
az1680 0 10 0.023
az1681 0 10 0.111
az1682 0 10 0.208
az1683 0 10 0.052
az1684 0 10 0.086
az1685 0 10 0.153
az1686 0 10 0.054
az1687 0 10 0.160
az1696 0 10 0.037
az1698 0 10 0.087
az1699 0 10 0.000
az1700 0 10 0.244
az1701 0 10 0.091
az1702 0 10 0.135
az1703 0 10 0.000
az1714 0 10 0.050
az1715 0 10 0.146
az1716 0 10 0.144
az1717 0 10 0.090
az1718 0 10 0.034
az1719 0 10 0.076
az1720 0 10 0.000
az1721 0 10 0.073
az1722 0 10 0.127
az1723 0 10 0.025
az1724 0 10 0.006
az1725 0 10 0.032
az1726 0 10 0.077
az1727 0 10 0.000
az1728 0 10 0.043
az1729 0 10 0.000
az1730 0 10 0.065
az1731 0 10 0.067
az1732 0 10 0.052
az1733 0 10 0.061
az1734 0 10 0.048
az1735 0 10 0.019
az1736 0 10 0.000
az1737 0 10 0.031
az1738 0 10 0.013
az1739 0 10 0.000
az1740 0 10 0.026
az1741 0 10 0.032
az1742 0 10 0.082
az1743 0 10 0.017
az1744 0 10 0.030
az1747 0 10 0.204
az1748 0 10 0.063
az1749 0 10 0.042
az1750 0 10 0.024
az1751 0 10 0.051
az1752 0 10 0.015
az1753 0 10 0.056
az1754 0 10 0.021
az1755 0 10 0.020
az1756 0 10 0.000
az1757 0 10 0.049
az1760 0 10 0.067
az1761 0 10 0.250
az1762 0 10 0.086
az1765 0 10 0.133
az1766 0 10 0.000
az1767 0 10 0.100
az1770 0 10 0.038
az1772 0 10 0.000
az1773 0 10 0.136
az1775 0 10 0.050
az1776 0 10 0.077
az1779 0 10 0.031
az1780 0 10 0.000
az1782 0 10 0.032
az1783 0 10 0.062
az1784 0 10 0.091
az1785 0 10 0.184
az1786 0 10 0.088
az1787 0 10 0.013
az1788 0 10 0.000
az1789 0 10 0.071
az1790 0 10 0.128
az1791 0 10 0.100
az1792 0 10 0.029
az1794 0 10 0.000
az1795 0 10 0.021
az1796 0 10 0.018
az1797 0 10 0.115
az1798 0 10 0.030
az1799 0 10 0.023
az1800 0 10 0.031
az1801 0 10 0.074
az1803 0 10 0.072
az1804 0 10 0.070
az1805 0 10 0.025
az1807 0 10 0.040
az1823 0 10 0.038
az1824 0 10 0.083
az1826 0 10 0.000
az1827 0 10 0.033
az1828 0 10 0.032
az1829 0 10 0.085
az1830 0 10 0.067
az1831 0 10 0.020
az1832 0 10 0.049
az1833 0 10 0.098
az1834 0 10 0.033
az1835 0 10 0.054
az1836 0 10 0.027
az1837 0 10 0.077
az1838 0 10 0.075
az1839 0 10 0.052
az1840 0 10 0.043
az1841 0 10 0.114
az1842 0 10 0.018
az1843 0 10 0.039
az1844 0 10 0.036
az1845 0 10 0.122
az1846 0 10 0.128
az1847 0 10 0.031
az1848 0 10 0.071
az1849 0 10 0.014
az1854 0 10 0.041
az1857 0 10 0.053
az1858 0 10 0.038
az1859 0 10 0.000
az1860 0 10 0.000
az1861 0 10 0.024
az1862 0 10 0.065
az1863 0 10 0.047
az1864 0 10 0.037
az1865 0 10 0.050
az1866 0 10 0.000
az1867 0 10 0.048
az1868 0 10 0.079
az1869 0 10 0.021
az1870 0 10 0.237
az1871 0 10 0.036
az1872 0 10 0.058
az1873 0 10 0.046
az1874 0 10 0.133
az1876 0 10 0.036
az1877 0 10 0.058
az1878 0 10 0.063
az1879 0 10 0.047
az1880 0 10 0.026
az1881 0 10 0.024
az1882 0 10 0.014
az1883 0 10 0.049
az1894 0 10 0.077
az1895 0 10 0.043
az1896 0 10 0.028
az1897 0 10 0.044
az1898 0 10 0.031
az1899 0 10 0.045
az1900 0 10 0.062
az1901 0 10 0.033
az1902 0 10 0.021
az1903 0 10 0.033
az1904 0 10 0.036
az1905 0 10 0.043
az1906 0 10 0.029
az1907 0 10 0.041
az1908 0 10 0.098
az1909 0 10 0.063
az1910 0 10 0.000
az1911 0 10 0.047
az1912 0 10 0.049
az1913 0 10 0.021
az1914 0 10 0.000
az1915 0 10 0.016
az1916 0 10 0.047
az1917 0 10 0.068
az1918 0 10 0.024
az1919 0 10 0.024
az1920 0 10 0.000
az1921 0 10 0.107
az1923 0 10 0.062
az1924 0 10 0.023
az1925 0 10 0.054
az1926 0 10 0.098
az1928 0 10 0.035
az1929 0 10 0.056
az1930 0 10 0.037
az1932 0 10 0.039
az1935 0 10 0.075
az1936 0 10 0.020
az1937 0 10 0.031
az1950 0 10 0.047
az1951 0 10 0.021
az1952 0 10 0.042
az1953 0 10 0.020
az1954 0 10 0.034
az1955 0 10 0.022
az1956 0 10 0.049
az1957 0 10 0.014
az1958 0 10 0.050
az1959 0 10 0.074
az1960 0 10 0.050
az1961 0 10 0.041
az1962 0 10 0.026
az1963 0 10 0.030
az1964 0 10 0.031
az1965 0 10 0.053
az1966 0 10 0.000
az1967 0 10 0.022
az1968 0 10 0.021
az1969 0 10 0.022
az1970 0 10 0.042
az1971 0 10 0.025
az1972 0 10 0.065
az1983 0 10 0.055
az1984 0 10 0.041
az1985 0 10 0.048
az1986 0 10 0.049
az1987 0 10 0.034
az1988 0 10 0.042
az1989 0 10 0.041
az1990 0 10 0.000
az2001 0 10 0.035
