az37 0 10 0.143
az38 0 10 0.018
az39 0 10 0.125
az40 0 10 0.058
az44 0 10 0.032
az88 0 10 0.017
az98 0 10 0.000
az99 0 10 0.016
az100 0 10 0.026
az114 0 10 0.049
az115 0 10 0.024
az116 0 10 0.319
az123 0 10 0.293
az126 0 10 0.145
az150 0 10 0.125
az151 0 10 0.016
az152 0 10 0.012
az154 0 10 0.000
az155 0 10 0.007
az162 0 10 0.068
az174 0 10 0.026
az175 0 10 0.050
az176 0 10 0.024
az179 0 10 0.174
az180 0 10 0.095
az189 0 10 0.295
az191 0 10 0.010
az192 0 10 0.015
az194 0 10 0.075
az196 0 10 0.090
az212 0 10 0.000
az216 0 10 0.111
az217 0 10 0.075
az219 0 10 0.125
az220 0 10 0.042
az222 0 10 0.029
az223 0 10 0.075
az224 0 10 0.010
az227 0 10 0.043
az229 0 10 0.013
az230 0 10 0.277
az233 0 10 0.067
az254 0 10 0.225
az256 0 10 0.062
az260 0 10 0.000
az262 0 10 0.058
az263 0 10 0.064
az265 0 10 0.000
az267 0 10 0.000
az268 0 10 0.000
az269 0 10 0.143
az271 0 10 0.000
az284 0 10 0.083
az285 0 10 0.063
az289 0 10 0.054
az291 0 10 0.115
az294 0 10 0.064
az311 0 10 0.007
az319 0 10 0.321
az320 0 10 0.023
az321 0 10 0.009
az326 0 10 0.019
az329 0 10 0.029
az331 0 10 0.021
az336 0 10 0.003
az338 0 10 0.000
az340 0 10 0.062
az351 0 10 0.041
az352 0 10 0.021
az353 0 10 0.009
az357 0 10 0.015
az363 0 10 0.020
az381 0 10 0.006
az384 0 10 0.037
az387 0 10 0.231
az391 0 10 0.126
az404 0 10 0.011
az411 0 10 0.016
az412 0 10 0.071
az413 0 10 0.000
az414 0 10 0.565
az416 0 10 0.000
az424 0 10 0.012
az426 0 10 0.000
az432 0 10 0.007
az435 0 10 0.006
az437 0 10 0.011
az438 0 10 0.005
az439 0 10 0.029
az440 0 10 0.006
az442 0 10 0.130
az443 0 10 0.150
az449 0 10 0.018
az466 0 10 0.030
az468 0 10 0.009
az471 0 10 0.019
az478 0 10 0.000
az484 0 10 0.071
az491 0 10 0.017
az495 0 10 0.027
az498 0 10 0.018
az500 0 10 0.050
az508 0 10 0.012
az526 0 10 0.033
az527 0 10 0.111
az528 0 10 0.000
az531 0 10 0.020
az533 0 10 0.000
az535 0 10 0.009
az536 0 10 0.104
az537 0 10 0.052
az544 0 10 0.000
az545 0 10 0.051
az549 0 10 0.025
az566 0 10 0.023
az570 0 10 0.005
az571 0 10 0.000
az579 0 10 0.010
az581 0 10 0.000
az583 0 10 0.015
az584 0 10 0.021
az586 0 10 0.062
az587 0 10 0.012
az588 0 10 0.007
az590 0 10 0.000
az591 0 10 0.020
az592 0 10 0.016
az597 0 10 0.014
az598 0 10 0.007
az599 0 10 0.005
az600 0 10 0.020
az609 0 10 0.238
az610 0 10 0.005
az612 0 10 0.000
az613 0 10 0.083
az614 0 10 0.038
az615 0 10 0.000
az616 0 10 0.157
az617 0 10 0.000
az618 0 10 0.001
az619 0 10 0.051
az622 0 10 0.181
az628 0 10 0.045
az631 0 10 0.006
az632 0 10 0.034
az633 0 10 0.004
az634 0 10 0.000
az635 0 10 0.000
az638 0 10 0.004
az640 0 10 0.185
az641 0 10 0.000
az644 0 10 0.019
az645 0 10 0.097
az647 0 10 0.000
az657 0 10 0.025
az659 0 10 0.000
az668 0 10 0.000
az680 0 10 0.028
az681 0 10 0.009
az683 0 10 0.094
az684 0 10 0.000
az689 0 10 0.044
az699 0 10 0.000
az702 0 10 0.007
az703 0 10 0.045
az707 0 10 0.022
az710 0 10 0.000
az712 0 10 0.025
az713 0 10 0.029
az726 0 10 0.000
az727 0 10 0.042
az742 0 10 0.012
az747 0 10 0.023
az754 0 10 0.000
az756 0 10 0.016
az757 0 10 0.045
az758 0 10 0.000
az762 0 10 0.053
az763 0 10 0.013
az766 0 10 0.003
az774 0 10 0.016
az775 0 10 0.015
az780 0 10 0.005
az781 0 10 0.001
az782 0 10 0.009
az790 0 10 0.008
az794 0 10 0.000
az805 0 10 0.000
az807 0 10 0.016
az813 0 10 0.008
az818 0 10 0.049
az820 0 10 0.010
az825 0 10 0.000
az826 0 10 0.000
az827 0 10 0.065
az828 0 10 0.053
az833 0 10 0.000
az837 0 10 0.013
az842 0 10 0.005
az844 0 10 0.001
az848 0 10 0.014
az850 0 10 0.000
az860 0 10 0.000
az862 0 10 0.000
az865 0 10 0.019
az867 0 10 0.043
az871 0 10 0.007
az872 0 10 0.017
az878 0 10 0.000
az883 0 10 0.013
az884 0 10 0.075
az885 0 10 0.026
az887 0 10 0.000
az888 0 10 0.042
az889 0 10 0.012
az903 0 10 0.000
az914 0 10 0.250
az916 0 10 0.016
az918 0 10 0.000
az919 0 10 0.010
az920 0 10 0.032
az921 0 10 0.016
az922 0 10 0.022
az923 0 10 0.014
az924 0 10 0.041
az925 0 10 0.006
az926 0 10 0.030
az929 0 10 0.002
az930 0 10 0.010
az932 0 10 0.020
az933 0 10 0.051
az934 0 10 0.013
az941 0 10 0.024
az943 0 10 0.136
az944 0 10 0.000
az945 0 10 0.061
az946 0 10 0.023
az950 0 10 0.004
az952 0 10 0.021
az953 0 10 0.045
az954 0 10 0.075
az955 0 10 0.018
az961 0 10 0.000
az962 0 10 0.000
az964 0 10 0.026
az975 0 10 0.004
az979 0 10 0.000
az983 0 10 0.000
az984 0 10 0.018
az985 0 10 0.000
az987 0 10 0.005
az990 0 10 0.025
az992 0 10 0.014
az993 0 10 0.008
az994 0 10 0.013
az995 0 10 0.005
az997 0 10 0.005
az998 0 10 0.007
az1000 0 10 0.038
az1002 0 10 0.008
az1003 0 10 0.009
az1004 0 10 0.031
az1005 0 10 0.007
az1008 0 10 0.006
az1011 0 10 0.000
az1013 0 10 0.000
az1017 0 10 0.029
az1018 0 10 0.018
az1019 0 10 0.038
az1020 0 10 0.010
az1022 0 10 0.000
az1038 0 10 0.012
az1045 0 10 0.020
az1051 0 10 0.018
az1054 0 10 0.005
az1056 0 10 0.021
az1058 0 10 0.012
az1059 0 10 0.005
az1060 0 10 0.020
az1061 0 10 0.027
az1062 0 10 0.175
az1063 0 10 0.018
az1064 0 10 0.028
az1066 0 10 0.036
az1067 0 10 0.016
az1073 0 10 0.003
az1074 0 10 0.010
az1081 0 10 0.004
az1083 0 10 0.000
az1084 0 10 0.000
az1090 0 10 0.023
az1093 0 10 0.027
az1095 0 10 0.012
az1100 0 10 0.004
az1112 0 10 0.000
az1113 0 10 0.007
az1115 0 10 0.028
az1118 0 10 0.009
az1120 0 10 0.000
az1121 0 10 0.006
az1122 0 10 0.033
az1123 0 10 0.036
az1128 0 10 0.000
az1129 0 10 0.008
az1130 0 10 0.000
az1133 0 10 0.005
az1136 0 10 0.019
az1137 0 10 0.007
az1138 0 10 0.005
az1139 0 10 0.021
az1141 0 10 0.014
az1142 0 10 0.014
az1143 0 10 0.135
az1144 0 10 0.024
az1146 0 10 0.000
az1148 0 10 0.030
az1150 0 10 0.000
az1152 0 10 0.011
az1153 0 10 0.000
az1154 0 10 0.022
az1155 0 10 0.000
az1158 0 10 0.033
az1159 0 10 0.000
az1167 0 10 0.017
az1168 0 10 0.000
az1172 0 10 0.000
az1173 0 10 0.015
az1176 0 10 0.043
az1178 0 10 0.000
az1179 0 10 0.006
az1180 0 10 0.016
az1181 0 10 0.021
az1183 0 10 0.015
az1184 0 10 0.021
az1185 0 10 0.008
az1187 0 10 0.010
az1191 0 10 0.138
az1202 0 10 0.004
az1203 0 10 0.015
az1204 0 10 0.005
az1205 0 10 0.027
az1207 0 10 0.003
az1208 0 10 0.008
az1209 0 10 0.007
az1211 0 10 0.000
az1212 0 10 0.042
az1213 0 10 0.000
az1214 0 10 0.029
az1215 0 10 0.000
az1221 0 10 0.009
az1224 0 10 0.005
az1225 0 10 0.018
az1226 0 10 0.007
az1227 0 10 0.000
az1228 0 10 0.013
az1229 0 10 0.042
az1231 0 10 0.001
az1234 0 10 0.031
az1238 0 10 0.000
az1239 0 10 0.006
az1245 0 10 0.008
az1246 0 10 0.000
az1247 0 10 0.011
az1259 0 10 0.016
az1261 0 10 0.048
az1264 0 10 0.050
az1266 0 10 0.021
az1267 0 10 0.025
az1268 0 10 0.021
az1269 0 10 0.033
az1270 0 10 0.028
az1272 0 10 0.007
az1274 0 10 0.003
az1276 0 10 0.014
az1277 0 10 0.004
az1281 0 10 0.007
az1282 0 10 0.019
az1283 0 10 0.021
az1284 0 10 0.038
az1285 0 10 0.018
az1286 0 10 0.022
az1288 0 10 0.029
az1289 0 10 0.005
az1290 0 10 0.027
az1291 0 10 0.000
az1292 0 10 0.045
az1293 0 10 0.021
az1299 0 10 0.007
az1300 0 10 0.009
az1301 0 10 0.021
az1302 0 10 0.011
az1303 0 10 0.004
az1306 0 10 0.000
az1312 0 10 0.004
az1313 0 10 0.058
az1314 0 10 0.023
az1317 0 10 0.000
az1318 0 10 0.003
az1319 0 10 0.000
az1320 0 10 0.080
az1321 0 10 0.048
az1323 0 10 0.011
az1324 0 10 0.003
az1326 0 10 0.010
az1327 0 10 0.014
az1328 0 10 0.007
az1329 0 10 0.015
az1330 0 10 0.018
az1332 0 10 0.018
az1333 0 10 0.008
az1334 0 10 0.002
az1335 0 10 0.012
az1336 0 10 0.007
az1339 0 10 0.008
az1340 0 10 0.040
az1342 0 10 0.022
az1343 0 10 0.003
az1345 0 10 0.000
az1352 0 10 0.010
az1353 0 10 0.004
az1354 0 10 0.018
az1355 0 10 0.011
az1356 0 10 0.012
az1357 0 10 0.012
az1358 0 10 0.071
az1371 0 10 0.042
az1373 0 10 0.029
az1374 0 10 0.050
az1376 0 10 0.009
az1377 0 10 0.006
az1382 0 10 0.011
az1383 0 10 0.042
az1387 0 10 0.027
az1389 0 10 0.018
az1390 0 10 0.000
az1391 0 10 0.000
az1393 0 10 0.001
az1396 0 10 0.000
az1400 0 10 0.000
az1401 0 10 0.008
az1414 0 10 0.032
az1415 0 10 0.012
az1416 0 10 0.000
az1419 0 10 0.060
az1421 0 10 0.074
az1422 0 10 0.010
az1423 0 10 0.031
az1425 0 10 0.002
az1427 0 10 0.018
az1430 0 10 0.017
az1431 0 10 0.000
az1433 0 10 0.014
az1436 0 10 0.013
az1437 0 10 0.020
az1438 0 10 0.014
az1439 0 10 0.005
az1440 0 10 0.032
az1444 0 10 0.000
az1445 0 10 0.010
az1446 0 10 0.000
az1447 0 10 0.000
az1448 0 10 0.002
az1449 0 10 0.000
az1450 0 10 0.071
az1451 0 10 0.002
az1455 0 10 0.005
az1456 0 10 0.006
az1464 0 10 0.042
az1465 0 10 0.001
az1466 0 10 0.000
az1468 0 10 0.000
az1469 0 10 0.006
az1470 0 10 0.045
az1473 0 10 0.010
az1474 0 10 0.053
az1475 0 10 0.000
az1477 0 10 0.017
az1478 0 10 0.000
az1480 0 10 0.014
az1481 0 10 0.001
az1482 0 10 0.061
az1484 0 10 0.030
az1486 0 10 0.008
az1487 0 10 0.015
az1490 0 10 0.000
az1492 0 10 0.024
az1493 0 10 0.000
az1495 0 10 0.026
az1497 0 10 0.013
az1499 0 10 0.000
az1500 0 10 0.017
az1501 0 10 0.025
az1502 0 10 0.000
az1503 0 10 0.001
az1505 0 10 0.016
az1506 0 10 0.015
az1507 0 10 0.000
az1508 0 10 0.003
az1509 0 10 0.033
az1510 0 10 0.000
az1515 0 10 0.027
az1516 0 10 0.017
az1518 0 10 0.012
az1525 0 10 0.028
az1526 0 10 0.014
az1527 0 10 0.030
az1528 0 10 0.029
az1529 0 10 0.024
az1530 0 10 0.000
az1531 0 10 0.019
az1532 0 10 0.015
az1533 0 10 0.019
az1536 0 10 0.010
az1538 0 10 0.008
az1539 0 10 0.000
az1540 0 10 0.000
az1541 0 10 0.000
az1543 0 10 0.038
az1544 0 10 0.006
az1546 0 10 0.044
az1548 0 10 0.014
az1550 0 10 0.009
az1552 0 10 0.015
az1553 0 10 0.011
az1554 0 10 0.022
az1555 0 10 0.005
az1556 0 10 0.000
az1557 0 10 0.056
az1558 0 10 0.015
az1560 0 10 0.006
az1563 0 10 0.005
az1564 0 10 0.024
az1565 0 10 0.015
az1566 0 10 0.011
az1567 0 10 0.007
az1569 0 10 0.022
az1582 0 10 0.004
az1586 0 10 0.053
az1587 0 10 0.000
az1591 0 10 0.000
az1592 0 10 0.001
az1594 0 10 0.006
az1595 0 10 0.019
az1596 0 10 0.000
az1598 0 10 0.008
az1599 0 10 0.006
az1601 0 10 0.069
az1603 0 10 0.007
az1604 0 10 0.000
az1605 0 10 0.005
az1606 0 10 0.040
az1607 0 10 0.024
az1609 0 10 0.027
az1610 0 10 0.017
az1611 0 10 0.016
az1612 0 10 0.030
az1613 0 10 0.000
az1616 0 10 0.020
az1617 0 10 0.021
az1619 0 10 0.010
az1621 0 10 0.020
az1622 0 10 0.024
az1623 0 10 0.031
az1624 0 10 0.012
az1625 0 10 0.019
az1626 0 10 0.027
az1627 0 10 0.019
az1628 0 10 0.000
az1629 0 10 0.030
az1631 0 10 0.025
az1632 0 10 0.026
az1633 0 10 0.021
az1634 0 10 0.004
az1635 0 10 0.000
az1638 0 10 0.022
az1639 0 10 0.014
az1644 0 10 0.000
az1645 0 10 0.000
az1646 0 10 0.000
az1647 0 10 0.009
az1648 0 10 0.005
az1649 0 10 0.000
az1650 0 10 0.026
az1651 0 10 0.005
az1652 0 10 0.087
az1653 0 10 0.050
az1654 0 10 0.000
az1655 0 10 0.059
az1656 0 10 0.018
az1657 0 10 0.023
az1658 0 10 0.060
az1659 0 10 0.021
az1660 0 10 0.023
az1661 0 10 0.054
az1662 0 10 0.019
az1663 0 10 0.005
az1664 0 10 0.071
az1665 0 10 0.035
az1666 0 10 0.020
az1667 0 10 0.054
az1669 0 10 0.000
az1671 0 10 0.036
az1672 0 10 0.003
az1673 0 10 0.001
az1678 0 10 0.043
az1679 0 10 0.015
az1680 0 10 0.000
az1681 0 10 0.000
az1682 0 10 0.000
az1683 0 10 0.014
az1684 0 10 0.023
az1685 0 10 0.006
az1686 0 10 0.000
az1687 0 10 0.040
az1693 0 10 0.031
az1694 0 10 0.040
az1695 0 10 0.018
az1697 0 10 0.000
az1698 0 10 0.000
az1700 0 10 0.000
az1701 0 10 0.000
az1702 0 10 0.018
az1714 0 10 0.000
az1715 0 10 0.000
az1716 0 10 0.004
az1717 0 10 0.000
az1718 0 10 0.034
az1719 0 10 0.000
az1720 0 10 0.000
az1721 0 10 0.000
az1723 0 10 0.013
az1725 0 10 0.005
az1726 0 10 0.000
az1735 0 10 0.018
az1737 0 10 0.000
az1739 0 10 0.000
az1740 0 10 0.077
az1742 0 10 0.000
az1743 0 10 0.026
az1745 0 10 0.019
az1746 0 10 0.032
az1747 0 10 0.000
az1748 0 10 0.007
az1749 0 10 0.000
az1750 0 10 0.012
az1751 0 10 0.000
az1752 0 10 0.043
az1754 0 10 0.021
az1755 0 10 0.031
az1756 0 10 0.014
az1757 0 10 0.009
az1758 0 10 0.022
az1759 0 10 0.023
az1760 0 10 0.008
az1761 0 10 0.025
az1762 0 10 0.024
az1763 0 10 0.005
az1764 0 10 0.016
az1765 0 10 0.050
az1766 0 10 0.097
az1767 0 10 0.000
az1768 0 10 0.020
az1769 0 10 0.015
az1770 0 10 0.038
az1771 0 10 0.013
az1774 0 10 0.000
az1775 0 10 0.002
az1776 0 10 0.026
az1777 0 10 0.028
az1778 0 10 0.028
az1779 0 10 0.020
az1781 0 10 0.000
az1782 0 10 0.015
az1783 0 10 0.006
az1784 0 10 0.032
az1785 0 10 0.000
az1786 0 10 0.013
az1787 0 10 0.004
az1788 0 10 0.040
az1789 0 10 0.000
az1790 0 10 0.000
az1791 0 10 0.000
az1792 0 10 0.000
az1793 0 10 0.009
az1795 0 10 0.005
az1796 0 10 0.018
az1797 0 10 0.115
az1798 0 10 0.046
az1799 0 10 0.014
az1800 0 10 0.000
az1801 0 10 0.025
az1802 0 10 0.018
az1803 0 10 0.000
az1804 0 10 0.013
az1805 0 10 0.000
az1806 0 10 0.027
az1807 0 10 0.018
az1818 0 10 0.002
az1819 0 10 0.021
az1820 0 10 0.009
az1821 0 10 0.013
az1822 0 10 0.024
az1823 0 10 0.000
az1824 0 10 0.000
az1825 0 10 0.024
az1826 0 10 0.000
az1827 0 10 0.067
az1828 0 10 0.032
az1829 0 10 0.043
az1830 0 10 0.000
az1831 0 10 0.020
az1832 0 10 0.016
az1836 0 10 0.025
az1839 0 10 0.020
az1842 0 10 0.019
az1843 0 10 0.021
az1844 0 10 0.018
az1845 0 10 0.005
az1846 0 10 0.000
az1847 0 10 0.034
az1849 0 10 0.000
az1850 0 10 0.031
az1851 0 10 0.016
az1852 0 10 0.015
az1853 0 10 0.000
az1855 0 10 0.012
az1856 0 10 0.026
az1857 0 10 0.010
az1858 0 10 0.004
az1859 0 10 0.000
az1860 0 10 0.000
az1861 0 10 0.020
az1862 0 10 0.000
az1863 0 10 0.023
az1864 0 10 0.024
az1865 0 10 0.000
az1867 0 10 0.000
az1868 0 10 0.000
az1869 0 10 0.017
az1870 0 10 0.026
az1871 0 10 0.000
az1872 0 10 0.006
az1873 0 10 0.024
az1874 0 10 0.033
az1875 0 10 0.016
az1876 0 10 0.015
az1877 0 10 0.029
az1878 0 10 0.016
az1879 0 10 0.017
az1880 0 10 0.026
az1883 0 10 0.014
az1894 0 10 0.000
az1895 0 10 0.000
az1896 0 10 0.017
az1897 0 10 0.020
az1898 0 10 0.022
az1900 0 10 0.031
az1901 0 10 0.012
az1902 0 10 0.043
az1903 0 10 0.017
az1904 0 10 0.036
az1905 0 10 0.029
az1906 0 10 0.013
az1907 0 10 0.024
az1908 0 10 0.009
az1909 0 10 0.014
az1910 0 10 0.030
az1911 0 10 0.019
az1912 0 10 0.049
az1913 0 10 0.064
az1914 0 10 0.000
az1916 0 10 0.024
az1917 0 10 0.012
az1918 0 10 0.015
az1919 0 10 0.018
az1920 0 10 0.021
az1921 0 10 0.013
az1922 0 10 0.000
az1923 0 10 0.011
az1924 0 10 0.000
az1925 0 10 0.025
az1926 0 10 0.024
az1927 0 10 0.000
az1928 0 10 0.017
az1929 0 10 0.000
az1930 0 10 0.000
az1931 0 10 0.021
az1932 0 10 0.024
az1933 0 10 0.003
az1934 0 10 0.003
az1935 0 10 0.000
az1936 0 10 0.077
az1937 0 10 0.024
az1938 0 10 0.021
az1949 0 10 0.007
az1950 0 10 0.025
az1951 0 10 0.021
az1952 0 10 0.009
az1953 0 10 0.020
az1954 0 10 0.000
az1955 0 10 0.022
az1956 0 10 0.025
az1957 0 10 0.023
az1958 0 10 0.000
az1959 0 10 0.017
az1960 0 10 0.014
az1961 0 10 0.012
az1962 0 10 0.020
az1963 0 10 0.015
az1964 0 10 0.014
az1965 0 10 0.013
az1966 0 10 0.029
az1967 0 10 0.018
az1968 0 10 0.021
az1969 0 10 0.023
az1970 0 10 0.017
az1971 0 10 0.000
az1972 0 10 0.022
az1983 0 10 0.025
az1984 0 10 0.002
az1985 0 10 0.048
az1986 0 10 0.018
az1987 0 10 0.022
az1988 0 10 0.026
az1989 0 10 0.015
az1990 0 10 0.024
az2001 0 10 0.027
