az15 0 10 1.000
az32 0 10 0.968
az39 0 10 0.875
az43 0 10 0.780
az51 0 10 0.399
az57 0 10 0.985
az59 0 10 0.867
az62 0 10 0.225
az65 0 10 0.197
az66 0 10 0.944
az67 0 10 0.110
az71 0 10 0.714
az85 0 10 0.280
az86 0 10 0.081
az89 0 10 0.290
az93 0 10 0.250
az95 0 10 0.413
az98 0 10 0.476
az105 0 10 0.256
az107 0 10 0.933
az109 0 10 0.890
az111 0 10 0.380
az114 0 10 0.913
az117 0 10 0.974
az130 0 10 0.149
az132 0 10 0.085
az133 0 10 0.154
az138 0 10 0.133
az141 0 10 0.140
az143 0 10 0.322
az147 0 10 0.405
az153 0 10 0.095
az155 0 10 0.149
az160 0 10 0.674
az164 0 10 0.670
az166 0 10 0.556
az169 0 10 0.260
az174 0 10 0.872
az177 0 10 0.072
az178 0 10 0.839
az181 0 10 0.875
az185 0 10 0.831
az191 0 10 0.923
az195 0 10 0.178
az200 0 10 0.483
az201 0 10 0.109
az202 0 10 0.235
az203 0 10 0.607
az205 0 10 0.291
az206 0 10 0.951
az209 0 10 0.094
az210 0 10 0.113
az213 0 10 0.111
az215 0 10 0.984
az218 0 10 0.800
az220 0 10 0.775
az223 0 10 0.738
az224 0 10 0.141
az225 0 10 0.848
az228 0 10 0.107
az233 0 10 0.242
az258 0 10 0.916
az261 0 10 0.267
az264 0 10 0.893
az267 0 10 0.139
az269 0 10 0.048
az270 0 10 0.457
az271 0 10 0.088
az273 0 10 0.088
az276 0 10 0.287
az278 0 10 0.750
az282 0 10 0.097
az285 0 10 0.887
az292 0 10 0.032
az296 0 10 0.137
az298 0 10 0.500
az299 0 10 0.092
az302 0 10 0.422
az303 0 10 0.644
az309 0 10 0.938
az317 0 10 0.682
az318 0 10 0.245
az321 0 10 0.108
az322 0 10 0.143
az324 0 10 0.317
az327 0 10 0.087
az329 0 10 0.514
az330 0 10 0.075
az331 0 10 0.191
az332 0 10 0.255
az333 0 10 0.222
az334 0 10 0.538
az336 0 10 0.080
az339 0 10 0.506
az343 0 10 0.180
az346 0 10 0.308
az347 0 10 0.331
az350 0 10 0.884
az357 0 10 0.189
az365 0 10 0.132
az369 0 10 0.888
az372 0 10 0.384
az373 0 10 0.673
az375 0 10 0.188
az380 0 10 0.086
az381 0 10 0.938
az385 0 10 0.069
az389 0 10 0.054
az390 0 10 0.144
az393 0 10 0.554
az394 0 10 0.649
az400 0 10 0.517
az401 0 10 0.264
az403 0 10 0.272
az404 0 10 0.478
az405 0 10 0.264
az406 0 10 0.341
az407 0 10 0.136
az410 0 10 0.459
az411 0 10 0.057
az412 0 10 0.786
az415 0 10 0.173
az416 0 10 0.385
az417 0 10 0.403
az418 0 10 0.281
az419 0 10 0.962
az420 0 10 0.424
az422 0 10 0.053
az423 0 10 0.876
az424 0 10 0.337
az430 0 10 0.067
az431 0 10 0.928
az432 0 10 0.072
az433 0 10 0.030
az435 0 10 0.120
az436 0 10 0.064
az444 0 10 0.111
az446 0 10 0.058
az449 0 10 0.211
az451 0 10 0.599
az468 0 10 0.445
az469 0 10 0.333
az472 0 10 0.624
az477 0 10 0.439
az481 0 10 0.090
az487 0 10 0.811
az489 0 10 0.609
az490 0 10 0.285
az494 0 10 0.441
az496 0 10 0.430
az497 0 10 0.092
az498 0 10 0.344
az501 0 10 0.090
az503 0 10 0.202
az504 0 10 0.416
az505 0 10 0.000
az507 0 10 0.132
az511 0 10 0.054
az513 0 10 0.212
az520 0 10 0.298
az521 0 10 0.643
az524 0 10 0.397
az525 0 10 0.128
az526 0 10 0.633
az527 0 10 0.171
az528 0 10 0.194
az529 0 10 0.153
az532 0 10 0.187
az535 0 10 0.047
az538 0 10 0.048
az541 0 10 0.183
az544 0 10 0.160
az546 0 10 0.313
az547 0 10 0.211
az548 0 10 0.169
az555 0 10 0.370
az557 0 10 0.274
az561 0 10 0.381
az563 0 10 0.506
az564 0 10 0.266
az569 0 10 0.342
az570 0 10 0.502
az576 0 10 0.593
az580 0 10 0.410
az585 0 10 0.029
az593 0 10 0.346
az594 0 10 0.380
az595 0 10 0.129
az596 0 10 0.219
az597 0 10 0.205
az598 0 10 0.428
az599 0 10 0.443
az600 0 10 0.404
az601 0 10 0.448
az606 0 10 0.133
az608 0 10 0.585
az610 0 10 0.249
az611 0 10 0.117
az612 0 10 0.149
az613 0 10 0.625
az616 0 10 0.431
az618 0 10 0.362
az619 0 10 0.484
az620 0 10 0.783
az623 0 10 0.335
az624 0 10 0.403
az626 0 10 0.881
az627 0 10 0.329
az629 0 10 0.461
az630 0 10 0.357
az635 0 10 0.133
az637 0 10 0.364
az638 0 10 0.487
az640 0 10 0.111
az641 0 10 0.049
az642 0 10 0.220
az643 0 10 0.244
az646 0 10 0.072
az649 0 10 0.264
az650 0 10 0.180
az652 0 10 0.393
az655 0 10 0.119
az658 0 10 0.220
az666 0 10 0.266
az667 0 10 0.443
az669 0 10 0.100
az673 0 10 0.310
az674 0 10 0.252
az675 0 10 0.138
az676 0 10 0.294
az677 0 10 0.270
az681 0 10 0.368
az682 0 10 0.182
az683 0 10 0.717
az684 0 10 0.113
az686 0 10 0.317
az687 0 10 0.053
az691 0 10 0.041
az693 0 10 0.036
az698 0 10 0.144
az702 0 10 0.206
az703 0 10 0.373
az710 0 10 0.333
az725 0 10 0.365
az726 0 10 0.659
az729 0 10 0.396
az730 0 10 0.397
az731 0 10 0.041
az732 0 10 0.251
az733 0 10 0.216
az739 0 10 0.234
az740 0 10 0.402
az745 0 10 0.161
az746 0 10 0.257
az749 0 10 0.479
az751 0 10 0.216
az757 0 10 0.318
az765 0 10 0.294
az773 0 10 0.435
az776 0 10 0.257
az782 0 10 0.347
az786 0 10 0.233
az791 0 10 0.087
az794 0 10 0.455
az798 0 10 0.060
az800 0 10 0.259
az801 0 10 0.169
az803 0 10 0.213
az804 0 10 0.145
az806 0 10 0.141
az807 0 10 0.081
az808 0 10 0.103
az812 0 10 0.267
az817 0 10 0.350
az818 0 10 0.066
az821 0 10 0.059
az824 0 10 0.246
az834 0 10 0.397
az839 0 10 0.111
az840 0 10 0.179
az841 0 10 0.246
az843 0 10 0.366
az844 0 10 0.190
az845 0 10 0.174
az847 0 10 0.285
az848 0 10 0.236
az849 0 10 0.405
az850 0 10 0.426
az852 0 10 0.192
az854 0 10 0.507
az859 0 10 0.356
az862 0 10 0.288
az863 0 10 0.415
az864 0 10 0.306
az868 0 10 0.317
az869 0 10 0.299
az870 0 10 0.138
az871 0 10 0.219
az876 0 10 0.305
az877 0 10 0.109
az878 0 10 0.613
az881 0 10 0.184
az882 0 10 0.535
az886 0 10 0.371
az894 0 10 0.319
az900 0 10 0.190
az903 0 10 0.254
az904 0 10 0.286
az905 0 10 0.447
az906 0 10 0.265
az907 0 10 0.826
az908 0 10 0.150
az909 0 10 0.491
az911 0 10 0.253
az912 0 10 0.105
az913 0 10 0.197
az916 0 10 0.425
az917 0 10 0.318
az918 0 10 0.268
az919 0 10 0.310
az920 0 10 0.571
az929 0 10 0.427
az931 0 10 0.362
az933 0 10 0.220
az934 0 10 0.064
az936 0 10 0.070
az937 0 10 0.450
az938 0 10 0.104
az939 0 10 0.231
az940 0 10 0.112
az941 0 10 0.323
az942 0 10 0.255
az944 0 10 0.485
az945 0 10 0.205
az946 0 10 0.093
az948 0 10 0.447
az949 0 10 0.229
az951 0 10 0.275
az953 0 10 0.580
az956 0 10 0.162
az957 0 10 0.310
az959 0 10 0.550
az960 0 10 0.512
az961 0 10 0.077
az962 0 10 0.049
az963 0 10 0.356
az976 0 10 0.281
az977 0 10 0.359
az978 0 10 0.025
az981 0 10 0.076
az982 0 10 0.274
az986 0 10 0.058
az990 0 10 0.276
az994 0 10 0.453
az995 0 10 0.434
az997 0 10 0.180
az998 0 10 0.239
az1001 0 10 0.256
az1003 0 10 0.065
az1006 0 10 0.274
az1010 0 10 0.201
az1011 0 10 0.539
az1012 0 10 0.092
az1019 0 10 0.167
az1029 0 10 0.481
az1032 0 10 0.000
az1035 0 10 0.304
az1036 0 10 0.328
az1041 0 10 0.244
az1043 0 10 0.437
az1044 0 10 0.241
az1045 0 10 0.199
az1047 0 10 0.412
az1048 0 10 0.156
az1051 0 10 0.018
az1052 0 10 0.178
az1053 0 10 0.110
az1057 0 10 0.226
az1058 0 10 0.351
az1063 0 10 0.027
az1069 0 10 0.288
az1070 0 10 0.237
az1071 0 10 0.290
az1072 0 10 0.205
az1073 0 10 0.246
az1074 0 10 0.505
az1075 0 10 0.071
az1082 0 10 0.096
az1085 0 10 0.181
az1087 0 10 0.170
az1088 0 10 0.190
az1089 0 10 0.222
az1091 0 10 0.228
az1092 0 10 0.217
az1096 0 10 0.062
az1099 0 10 0.104
az1100 0 10 0.162
az1101 0 10 0.638
az1102 0 10 0.173
az1105 0 10 0.640
az1107 0 10 0.158
az1110 0 10 0.161
az1111 0 10 0.281
az1117 0 10 0.446
az1119 0 10 0.364
az1123 0 10 0.012
az1125 0 10 0.342
az1126 0 10 0.221
az1127 0 10 0.296
az1128 0 10 0.050
az1130 0 10 0.189
az1131 0 10 0.199
az1133 0 10 0.353
az1134 0 10 0.344
az1137 0 10 0.199
az1138 0 10 0.264
az1142 0 10 0.382
az1145 0 10 0.407
az1149 0 10 0.258
az1155 0 10 0.162
az1163 0 10 0.160
az1164 0 10 0.447
az1169 0 10 0.037
az1170 0 10 0.245
az1176 0 10 0.157
az1186 0 10 0.308
az1188 0 10 0.539
az1204 0 10 0.204
az1205 0 10 0.527
az1206 0 10 0.230
az1207 0 10 0.135
az1210 0 10 0.285
az1213 0 10 0.261
az1220 0 10 0.178
az1222 0 10 0.227
az1223 0 10 0.333
az1224 0 10 0.210
az1230 0 10 0.205
az1233 0 10 0.042
az1239 0 10 0.039
az1249 0 10 0.091
az1252 0 10 0.333
az1255 0 10 0.048
az1256 0 10 0.468
az1257 0 10 0.214
az1258 0 10 0.242
az1259 0 10 0.160
az1260 0 10 0.178
az1264 0 10 0.500
az1265 0 10 0.040
az1266 0 10 0.031
az1271 0 10 0.331
az1272 0 10 0.278
az1274 0 10 0.176
az1280 0 10 0.022
az1283 0 10 0.254
az1288 0 10 0.176
az1293 0 10 0.234
az1297 0 10 0.138
az1299 0 10 0.420
az1302 0 10 0.423
az1303 0 10 0.321
az1304 0 10 0.284
az1306 0 10 0.069
az1310 0 10 0.049
az1316 0 10 0.268
az1317 0 10 0.167
az1318 0 10 0.241
az1319 0 10 0.331
az1321 0 10 0.333
az1322 0 10 0.193
az1324 0 10 0.021
az1325 0 10 0.105
az1334 0 10 0.336
az1337 0 10 0.293
az1340 0 10 0.240
az1343 0 10 0.176
az1345 0 10 0.292
az1347 0 10 0.416
az1348 0 10 0.193
az1349 0 10 0.265
az1350 0 10 0.225
az1351 0 10 0.116
az1352 0 10 0.266
az1355 0 10 0.284
az1361 0 10 0.398
az1362 0 10 0.318
az1363 0 10 0.241
az1364 0 10 0.349
az1366 0 10 0.146
az1367 0 10 0.267
az1369 0 10 0.314
az1370 0 10 0.178
az1371 0 10 0.213
az1372 0 10 0.008
az1373 0 10 0.404
az1374 0 10 0.350
az1378 0 10 0.027
az1383 0 10 0.111
az1384 0 10 0.062
az1385 0 10 0.030
az1387 0 10 0.107
az1391 0 10 0.182
az1392 0 10 0.216
az1395 0 10 0.169
az1401 0 10 0.054
az1403 0 10 0.151
az1415 0 10 0.108
az1416 0 10 0.034
az1420 0 10 0.318
az1422 0 10 0.160
az1424 0 10 0.000
az1425 0 10 0.304
az1426 0 10 0.423
az1427 0 10 0.074
az1429 0 10 0.276
az1430 0 10 0.650
az1433 0 10 0.110
az1435 0 10 0.123
az1437 0 10 0.177
az1439 0 10 0.175
az1440 0 10 0.200
az1444 0 10 0.421
az1445 0 10 0.329
az1446 0 10 0.157
az1448 0 10 0.076
az1455 0 10 0.088
az1458 0 10 0.306
az1460 0 10 0.173
az1462 0 10 0.169
az1463 0 10 0.235
az1464 0 10 0.083
az1468 0 10 0.038
az1471 0 10 0.224
az1472 0 10 0.302
az1473 0 10 0.530
az1474 0 10 0.237
az1478 0 10 0.333
az1491 0 10 0.277
az1492 0 10 0.154
az1493 0 10 0.364
az1495 0 10 0.132
az1496 0 10 0.265
az1498 0 10 0.235
az1500 0 10 0.171
az1502 0 10 0.191
az1503 0 10 0.304
az1506 0 10 0.040
az1511 0 10 0.240
az1514 0 10 0.215
az1515 0 10 0.231
az1516 0 10 0.263
az1518 0 10 0.392
az1522 0 10 0.068
az1524 0 10 0.154
az1525 0 10 0.226
az1527 0 10 0.198
az1529 0 10 0.173
az1531 0 10 0.208
az1532 0 10 0.294
az1533 0 10 0.322
az1535 0 10 0.164
az1537 0 10 0.242
az1540 0 10 0.157
az1541 0 10 0.183
az1542 0 10 0.151
az1543 0 10 0.080
az1545 0 10 0.182
az1548 0 10 0.775
az1549 0 10 0.013
az1553 0 10 0.292
az1556 0 10 0.091
az1557 0 10 0.338
az1559 0 10 0.327
az1561 0 10 0.117
az1566 0 10 0.306
az1567 0 10 0.138
az1569 0 10 0.105
az1570 0 10 0.240
az1581 0 10 0.091
az1584 0 10 0.166
az1585 0 10 0.143
az1587 0 10 0.087
az1592 0 10 0.194
az1593 0 10 0.158
az1595 0 10 0.145
az1596 0 10 0.154
az1600 0 10 0.292
az1601 0 10 0.069
az1602 0 10 0.050
az1603 0 10 0.255
az1604 0 10 0.229
az1605 0 10 0.079
az1606 0 10 0.200
az1607 0 10 0.115
az1608 0 10 0.333
az1609 0 10 0.114
az1610 0 10 0.156
az1611 0 10 0.128
az1612 0 10 0.152
az1613 0 10 0.200
az1614 0 10 0.238
az1615 0 10 0.154
az1616 0 10 0.218
az1617 0 10 0.165
az1618 0 10 0.203
az1619 0 10 0.200
az1620 0 10 0.203
az1621 0 10 0.214
az1622 0 10 0.204
az1623 0 10 0.261
az1624 0 10 0.320
az1625 0 10 0.282
az1626 0 10 0.205
az1627 0 10 0.173
az1629 0 10 0.203
az1630 0 10 0.423
az1631 0 10 0.025
az1632 0 10 0.193
az1633 0 10 0.219
az1635 0 10 0.290
az1638 0 10 0.177
az1639 0 10 0.152
az1642 0 10 0.259
az1643 0 10 0.111
az1646 0 10 0.257
az1648 0 10 0.232
az1649 0 10 0.087
az1651 0 10 0.288
az1653 0 10 0.450
az1655 0 10 0.010
az1656 0 10 0.151
az1657 0 10 0.241
az1658 0 10 0.268
az1659 0 10 0.150
az1660 0 10 0.158
az1662 0 10 0.164
az1664 0 10 0.179
az1668 0 10 0.152
az1670 0 10 0.156
az1681 0 10 0.333
az1686 0 10 0.027
az1687 0 10 0.160
az1688 0 10 0.114
az1689 0 10 0.194
az1690 0 10 0.029
az1691 0 10 0.263
az1693 0 10 0.188
az1694 0 10 0.080
az1698 0 10 0.348
az1699 0 10 0.333
az1700 0 10 0.317
az1703 0 10 0.105
az1719 0 10 0.065
az1726 0 10 0.308
az1728 0 10 0.304
az1729 0 10 0.125
az1730 0 10 0.203
az1733 0 10 0.124
az1734 0 10 0.148
az1735 0 10 0.165
az1736 0 10 0.200
az1742 0 10 0.060
az1743 0 10 0.205
az1744 0 10 0.121
az1745 0 10 0.131
az1746 0 10 0.129
az1748 0 10 0.063
az1750 0 10 0.329
az1751 0 10 0.333
az1752 0 10 0.158
az1753 0 10 0.278
az1754 0 10 0.149
az1755 0 10 0.137
az1758 0 10 0.203
az1759 0 10 0.218
az1761 0 10 0.225
az1763 0 10 0.181
az1764 0 10 0.177
az1765 0 10 0.017
az1768 0 10 0.161
az1769 0 10 0.210
az1770 0 10 0.154
az1771 0 10 0.136
az1772 0 10 0.176
az1774 0 10 0.103
az1777 0 10 0.203
az1778 0 10 0.192
az1779 0 10 0.195
az1780 0 10 0.074
az1781 0 10 0.250
az1782 0 10 0.244
az1783 0 10 0.182
az1784 0 10 0.125
az1785 0 10 0.158
az1786 0 10 0.186
az1787 0 10 0.152
az1788 0 10 0.200
az1790 0 10 0.085
az1791 0 10 0.350
az1792 0 10 0.171
az1793 0 10 0.131
az1794 0 10 0.217
az1795 0 10 0.194
az1796 0 10 0.140
az1798 0 10 0.214
az1799 0 10 0.131
az1800 0 10 0.156
az1801 0 10 0.168
az1802 0 10 0.146
az1804 0 10 0.161
az1805 0 10 0.200
az1806 0 10 0.165
az1807 0 10 0.215
az1818 0 10 0.278
az1819 0 10 0.159
az1820 0 10 0.185
az1821 0 10 0.144
az1822 0 10 0.125
az1824 0 10 0.062
az1825 0 10 0.157
az1828 0 10 0.194
az1830 0 10 0.167
az1831 0 10 0.160
az1832 0 10 0.204
az1835 0 10 0.143
az1836 0 10 0.175
az1838 0 10 0.113
az1839 0 10 0.182
az1840 0 10 0.174
az1841 0 10 0.086
az1842 0 10 0.153
az1843 0 10 0.162
az1844 0 10 0.203
az1845 0 10 0.064
az1846 0 10 0.179
az1847 0 10 0.163
az1848 0 10 0.000
az1849 0 10 0.185
az1850 0 10 0.188
az1851 0 10 0.158
az1852 0 10 0.160
az1853 0 10 0.111
az1855 0 10 0.188
az1857 0 10 0.145
az1858 0 10 0.163
az1859 0 10 0.226
az1860 0 10 0.175
az1861 0 10 0.179
az1862 0 10 0.098
az1863 0 10 0.163
az1864 0 10 0.142
az1866 0 10 0.048
az1867 0 10 0.095
az1868 0 10 0.134
az1871 0 10 0.288
az1872 0 10 0.093
az1873 0 10 0.148
az1875 0 10 0.175
az1876 0 10 0.172
az1878 0 10 0.163
az1879 0 10 0.227
az1880 0 10 0.154
az1881 0 10 0.220
az1883 0 10 0.154
az1894 0 10 0.154
az1896 0 10 0.134
az1897 0 10 0.168
az1898 0 10 0.198
az1899 0 10 0.227
az1900 0 10 0.094
az1901 0 10 0.156
az1902 0 10 0.123
az1903 0 10 0.234
az1904 0 10 0.071
az1906 0 10 0.204
az1907 0 10 0.166
az1908 0 10 0.122
az1909 0 10 0.165
az1910 0 10 0.061
az1911 0 10 0.159
az1912 0 10 0.195
az1913 0 10 0.191
az1915 0 10 0.131
az1916 0 10 0.172
az1917 0 10 0.090
az1919 0 10 0.147
az1920 0 10 0.104
az1921 0 10 0.189
az1922 0 10 0.257
az1923 0 10 0.107
az1924 0 10 0.136
az1925 0 10 0.154
az1927 0 10 0.222
az1928 0 10 0.152
az1929 0 10 0.194
az1930 0 10 0.111
az1931 0 10 0.156
az1932 0 10 0.180
az1933 0 10 0.108
az1934 0 10 0.154
az1935 0 10 0.118
az1937 0 10 0.152
az1938 0 10 0.189
az1949 0 10 0.188
az1950 0 10 0.187
az1951 0 10 0.213
az1952 0 10 0.168
az1953 0 10 0.163
az1955 0 10 0.130
az1956 0 10 0.178
az1957 0 10 0.215
az1958 0 10 0.050
az1959 0 10 0.198
az1960 0 10 0.131
az1961 0 10 0.150
az1962 0 10 0.130
az1963 0 10 0.177
az1964 0 10 0.107
az1965 0 10 0.122
az1966 0 10 0.088
az1967 0 10 0.133
az1968 0 10 0.044
az1969 0 10 0.109
az1970 0 10 0.173
az1971 0 10 0.225
az1972 0 10 0.152
az1983 0 10 0.105
az1984 0 10 0.183
az1985 0 10 0.190
az1986 0 10 0.148
az1987 0 10 0.133
az1988 0 10 0.136
az1989 0 10 0.137
az1990 0 10 0.220
az2001 0 10 0.159
