az20 0 10 1.000
az33 0 10 0.643
az34 0 10 0.950
az36 0 10 0.982
az44 0 10 0.968
az52 0 10 0.956
az58 0 10 0.468
az61 0 10 0.963
az65 0 10 0.803
az72 0 10 0.927
az103 0 10 0.877
az104 0 10 0.797
az125 0 10 0.391
az126 0 10 0.634
az127 0 10 0.636
az128 0 10 0.124
az129 0 10 0.439
az130 0 10 0.809
az131 0 10 0.900
az133 0 10 0.444
az134 0 10 0.319
az135 0 10 0.837
az136 0 10 0.449
az137 0 10 0.808
az138 0 10 0.736
az139 0 10 0.911
az140 0 10 0.919
az141 0 10 0.840
az142 0 10 0.359
az143 0 10 0.654
az144 0 10 0.867
az145 0 10 0.102
az146 0 10 0.615
az147 0 10 0.568
az148 0 10 0.941
az149 0 10 0.677
az150 0 10 0.500
az151 0 10 0.894
az152 0 10 0.492
az153 0 10 0.857
az154 0 10 0.956
az155 0 10 0.844
az156 0 10 0.486
az157 0 10 0.698
az158 0 10 0.394
az159 0 10 0.404
az161 0 10 0.642
az162 0 10 0.529
az177 0 10 0.375
az184 0 10 0.087
az245 0 10 0.696
az247 0 10 0.136
az249 0 10 0.282
az250 0 10 0.200
az252 0 10 0.870
az254 0 10 0.275
az255 0 10 0.911
az256 0 10 0.802
az258 0 10 0.013
az260 0 10 0.909
az263 0 10 0.114
az266 0 10 0.327
az268 0 10 0.756
az269 0 10 0.762
az272 0 10 0.065
az273 0 10 0.724
az274 0 10 0.135
az275 0 10 0.786
az276 0 10 0.430
az278 0 10 0.139
az279 0 10 0.528
az280 0 10 0.700
az281 0 10 0.082
az282 0 10 0.387
az283 0 10 0.361
az286 0 10 0.883
az287 0 10 0.583
az288 0 10 0.374
az290 0 10 0.595
az292 0 10 0.871
az293 0 10 0.554
az297 0 10 0.133
az305 0 10 0.121
az312 0 10 0.082
az313 0 10 0.321
az315 0 10 0.531
az316 0 10 0.580
az317 0 10 0.296
az318 0 10 0.380
az319 0 10 0.000
az320 0 10 0.000
az322 0 10 0.768
az323 0 10 0.907
az324 0 10 0.284
az326 0 10 0.115
az333 0 10 0.424
az349 0 10 0.065
az361 0 10 0.000
az365 0 10 0.731
az367 0 10 0.806
az368 0 10 0.547
az375 0 10 0.529
az379 0 10 0.436
az383 0 10 0.728
az385 0 10 0.356
az386 0 10 0.228
az389 0 10 0.322
az392 0 10 0.542
az398 0 10 0.590
az409 0 10 0.360
az415 0 10 0.289
az422 0 10 0.450
az426 0 10 0.031
az432 0 10 0.345
az433 0 10 0.020
az434 0 10 0.104
az435 0 10 0.699
az437 0 10 0.790
az438 0 10 0.370
az440 0 10 0.828
az442 0 10 0.438
az443 0 10 0.225
az446 0 10 0.410
az449 0 10 0.684
az454 0 10 0.627
az465 0 10 0.374
az467 0 10 0.117
az469 0 10 0.465
az470 0 10 0.360
az471 0 10 0.512
az473 0 10 0.646
az474 0 10 0.378
az475 0 10 0.366
az476 0 10 0.463
az478 0 10 0.794
az479 0 10 0.640
az483 0 10 0.381
az484 0 10 0.143
az486 0 10 0.177
az487 0 10 0.038
az490 0 10 0.210
az493 0 10 0.114
az495 0 10 0.054
az497 0 10 0.320
az498 0 10 0.626
az500 0 10 0.400
az505 0 10 0.750
az506 0 10 0.533
az507 0 10 0.266
az511 0 10 0.403
az517 0 10 0.000
az519 0 10 0.397
az525 0 10 0.360
az527 0 10 0.639
az530 0 10 0.167
az531 0 10 0.039
az532 0 10 0.298
az533 0 10 0.730
az534 0 10 0.278
az535 0 10 0.428
az538 0 10 0.456
az539 0 10 0.292
az540 0 10 0.281
az542 0 10 0.265
az543 0 10 0.020
az548 0 10 0.294
az549 0 10 0.062
az571 0 10 0.667
az572 0 10 0.027
az577 0 10 0.070
az578 0 10 0.072
az580 0 10 0.154
az581 0 10 0.059
az582 0 10 0.062
az585 0 10 0.649
az589 0 10 0.391
az590 0 10 0.820
az602 0 10 0.057
az633 0 10 0.107
az634 0 10 0.026
az635 0 10 0.356
az636 0 10 0.418
az638 0 10 0.235
az639 0 10 0.305
az641 0 10 0.656
az644 0 10 0.093
az645 0 10 0.065
az646 0 10 0.602
az653 0 10 0.659
az654 0 10 0.242
az656 0 10 0.375
az657 0 10 0.362
az658 0 10 0.316
az665 0 10 0.545
az669 0 10 0.760
az673 0 10 0.239
az674 0 10 0.482
az675 0 10 0.295
az676 0 10 0.324
az678 0 10 0.459
az679 0 10 0.100
az682 0 10 0.727
az684 0 10 0.528
az685 0 10 0.000
az686 0 10 0.256
az687 0 10 0.942
az688 0 10 0.631
az691 0 10 0.412
az693 0 10 0.873
az694 0 10 0.723
az695 0 10 0.600
az696 0 10 1.000
az697 0 10 0.309
az698 0 10 0.237
az699 0 10 0.103
az704 0 10 0.471
az705 0 10 0.044
az706 0 10 0.468
az707 0 10 0.556
az708 0 10 0.086
az709 0 10 0.388
az710 0 10 0.444
az711 0 10 0.099
az712 0 10 0.056
az713 0 10 0.171
az725 0 10 0.260
az726 0 10 0.073
az727 0 10 0.083
az730 0 10 0.159
az731 0 10 0.247
az732 0 10 0.394
az733 0 10 0.193
az734 0 10 0.013
az735 0 10 0.321
az737 0 10 0.374
az741 0 10 0.308
az742 0 10 0.024
az743 0 10 0.348
az744 0 10 0.548
az745 0 10 0.364
az746 0 10 0.299
az747 0 10 0.070
az748 0 10 0.013
az750 0 10 0.514
az751 0 10 0.054
az752 0 10 0.266
az753 0 10 0.578
az754 0 10 0.840
az755 0 10 0.000
az756 0 10 0.407
az757 0 10 0.045
az758 0 10 0.315
az759 0 10 0.353
az760 0 10 0.069
az761 0 10 0.205
az762 0 10 0.053
az763 0 10 0.310
az776 0 10 0.172
az778 0 10 0.574
az779 0 10 0.127
az791 0 10 0.547
az792 0 10 0.255
az793 0 10 0.269
az794 0 10 0.045
az795 0 10 0.000
az796 0 10 0.108
az797 0 10 0.143
az798 0 10 0.660
az799 0 10 0.870
az800 0 10 0.345
az801 0 10 0.290
az802 0 10 0.071
az803 0 10 0.255
az804 0 10 0.223
az805 0 10 0.000
az806 0 10 0.153
az807 0 10 0.629
az808 0 10 0.465
az809 0 10 0.400
az810 0 10 0.091
az811 0 10 0.438
az812 0 10 0.333
az813 0 10 0.253
az814 0 10 0.429
az815 0 10 0.421
az816 0 10 0.254
az817 0 10 0.227
az818 0 10 0.344
az819 0 10 0.254
az820 0 10 0.552
az821 0 10 0.360
az822 0 10 0.358
az823 0 10 0.282
az824 0 10 0.297
az825 0 10 0.044
az826 0 10 0.087
az827 0 10 0.129
az828 0 10 0.772
az829 0 10 0.254
az830 0 10 0.142
az831 0 10 0.030
az832 0 10 0.533
az833 0 10 0.462
az834 0 10 0.118
az835 0 10 0.000
az836 0 10 0.177
az838 0 10 0.063
az839 0 10 0.278
az840 0 10 0.159
az841 0 10 0.082
az842 0 10 0.036
az843 0 10 0.131
az844 0 10 0.347
az845 0 10 0.478
az846 0 10 0.082
az847 0 10 0.059
az848 0 10 0.014
az976 0 10 0.359
az978 0 10 0.436
az981 0 10 0.341
az986 0 10 0.208
az988 0 10 0.014
az991 0 10 0.048
az1000 0 10 0.000
az1002 0 10 0.425
az1003 0 10 0.421
az1004 0 10 0.197
az1005 0 10 0.463
az1007 0 10 0.248
az1008 0 10 0.214
az1009 0 10 0.291
az1010 0 10 0.097
az1012 0 10 0.282
az1015 0 10 0.048
az1016 0 10 0.209
az1017 0 10 0.309
az1018 0 10 0.417
az1019 0 10 0.391
az1021 0 10 0.012
az1023 0 10 0.103
az1024 0 10 0.215
az1028 0 10 0.143
az1030 0 10 0.211
az1031 0 10 0.310
az1032 0 10 0.059
az1037 0 10 0.020
az1039 0 10 0.061
az1040 0 10 0.149
az1047 0 10 0.162
az1048 0 10 0.273
az1051 0 10 0.491
az1052 0 10 0.414
az1053 0 10 0.240
az1055 0 10 0.036
az1057 0 10 0.207
az1059 0 10 0.313
az1060 0 10 0.020
az1065 0 10 0.038
az1070 0 10 0.105
az1071 0 10 0.355
az1072 0 10 0.487
az1075 0 10 0.716
az1092 0 10 0.261
az1094 0 10 0.000
az1096 0 10 0.401
az1098 0 10 0.191
az1099 0 10 0.431
az1107 0 10 0.156
az1109 0 10 0.203
az1146 0 10 0.219
az1147 0 10 0.172
az1149 0 10 0.355
az1150 0 10 0.050
az1152 0 10 0.256
az1153 0 10 0.063
az1155 0 10 0.216
az1156 0 10 0.207
az1157 0 10 0.432
az1159 0 10 0.094
az1160 0 10 0.129
az1161 0 10 0.263
az1162 0 10 0.350
az1163 0 10 0.287
az1164 0 10 0.167
az1165 0 10 0.000
az1166 0 10 0.587
az1167 0 10 0.194
az1168 0 10 0.039
az1169 0 10 0.177
az1171 0 10 0.033
az1172 0 10 0.069
az1174 0 10 0.521
az1177 0 10 0.329
az1178 0 10 0.015
az1185 0 10 0.482
az1187 0 10 0.134
az1188 0 10 0.016
az1205 0 10 0.027
az1207 0 10 0.256
az1208 0 10 0.124
az1209 0 10 0.298
az1211 0 10 0.127
az1212 0 10 0.667
az1215 0 10 0.045
az1217 0 10 0.055
az1218 0 10 0.030
az1224 0 10 0.375
az1225 0 10 0.270
az1226 0 10 0.242
az1227 0 10 0.381
az1229 0 10 0.051
az1234 0 10 0.322
az1237 0 10 0.194
az1240 0 10 0.060
az1241 0 10 0.304
az1242 0 10 0.075
az1243 0 10 0.269
az1244 0 10 0.161
az1246 0 10 0.352
az1247 0 10 0.192
az1251 0 10 0.136
az1253 0 10 0.143
az1255 0 10 0.238
az1257 0 10 0.107
az1261 0 10 0.190
az1265 0 10 0.272
az1266 0 10 0.165
az1267 0 10 0.625
az1268 0 10 0.204
az1269 0 10 0.201
az1271 0 10 0.107
az1273 0 10 0.019
az1275 0 10 0.583
az1276 0 10 0.380
az1277 0 10 0.122
az1279 0 10 0.239
az1280 0 10 0.298
az1288 0 10 0.088
az1289 0 10 0.016
az1291 0 10 0.459
az1292 0 10 0.227
az1293 0 10 0.319
az1294 0 10 0.531
az1295 0 10 0.045
az1296 0 10 0.059
az1297 0 10 0.255
az1300 0 10 0.037
az1305 0 10 0.143
az1314 0 10 0.057
az1324 0 10 0.057
az1325 0 10 0.225
az1331 0 10 0.023
az1368 0 10 0.142
az1370 0 10 0.400
az1372 0 10 0.143
az1375 0 10 0.364
az1378 0 10 0.698
az1379 0 10 0.195
az1381 0 10 0.125
az1384 0 10 0.017
az1385 0 10 0.220
az1386 0 10 0.117
az1388 0 10 0.091
az1389 0 10 0.146
az1391 0 10 0.182
az1392 0 10 0.183
az1394 0 10 0.000
az1395 0 10 0.160
az1396 0 10 0.269
az1397 0 10 0.437
az1398 0 10 0.054
az1399 0 10 0.126
az1400 0 10 0.083
az1401 0 10 0.398
az1402 0 10 0.475
az1403 0 10 0.124
az1416 0 10 0.017
az1417 0 10 0.034
az1418 0 10 0.009
az1420 0 10 0.091
az1421 0 10 0.074
az1424 0 10 0.833
az1426 0 10 0.038
az1431 0 10 0.125
az1443 0 10 0.227
az1449 0 10 0.143
az1454 0 10 0.251
az1456 0 10 0.093
az1457 0 10 0.055
az1467 0 10 0.000
az1471 0 10 0.009
az1472 0 10 0.179
az1479 0 10 0.000
az1483 0 10 0.013
az1485 0 10 0.025
az1488 0 10 0.057
az1490 0 10 0.085
az1491 0 10 0.043
az1492 0 10 0.211
az1493 0 10 0.046
az1494 0 10 0.022
az1496 0 10 0.488
az1498 0 10 0.029
az1499 0 10 0.208
az1500 0 10 0.248
az1501 0 10 0.047
az1502 0 10 0.104
az1504 0 10 0.101
az1506 0 10 0.232
az1507 0 10 0.261
az1508 0 10 0.129
az1509 0 10 0.000
az1510 0 10 0.249
az1512 0 10 0.195
az1514 0 10 0.247
az1517 0 10 0.049
az1518 0 10 0.193
az1519 0 10 0.114
az1521 0 10 0.172
az1523 0 10 0.169
az1524 0 10 0.038
az1526 0 10 0.003
az1531 0 10 0.019
az1532 0 10 0.242
az1535 0 10 0.200
az1536 0 10 0.087
az1538 0 10 0.155
az1539 0 10 0.200
az1540 0 10 0.346
az1541 0 10 0.061
az1543 0 10 0.069
az1545 0 10 0.091
az1546 0 10 0.096
az1547 0 10 0.009
az1549 0 10 0.013
az1550 0 10 0.219
az1551 0 10 0.048
az1552 0 10 0.358
az1555 0 10 0.186
az1556 0 10 0.182
az1559 0 10 0.020
az1560 0 10 0.084
az1561 0 10 0.026
az1563 0 10 0.183
az1564 0 10 0.166
az1565 0 10 0.174
az1567 0 10 0.095
az1569 0 10 0.303
az1570 0 10 0.080
az1608 0 10 0.074
az1610 0 10 0.183
az1611 0 10 0.254
az1612 0 10 0.212
az1613 0 10 0.250
az1614 0 10 0.095
az1615 0 10 0.077
az1617 0 10 0.134
az1618 0 10 0.068
az1619 0 10 0.146
az1620 0 10 0.013
az1627 0 10 0.163
az1628 0 10 0.208
az1634 0 10 0.175
az1635 0 10 0.065
az1636 0 10 0.159
az1637 0 10 0.028
az1641 0 10 0.095
az1642 0 10 0.033
az1643 0 10 0.111
az1659 0 10 0.182
az1660 0 10 0.062
az1661 0 10 0.000
az1662 0 10 0.244
az1663 0 10 0.309
az1665 0 10 0.088
az1666 0 10 0.041
az1667 0 10 0.027
az1668 0 10 0.130
az1669 0 10 0.167
az1670 0 10 0.178
az1671 0 10 0.036
az1672 0 10 0.135
az1673 0 10 0.265
az1674 0 10 0.227
az1675 0 10 0.025
az1676 0 10 0.000
az1677 0 10 0.000
az1678 0 10 0.065
az1679 0 10 0.075
az1681 0 10 0.111
az1682 0 10 0.042
az1683 0 10 0.281
az1684 0 10 0.048
az1685 0 10 0.129
az1686 0 10 0.027
az1687 0 10 0.160
az1688 0 10 0.057
az1689 0 10 0.032
az1690 0 10 0.000
az1691 0 10 0.131
az1692 0 10 0.137
az1693 0 10 0.062
az1694 0 10 0.053
az1695 0 10 0.077
az1697 0 10 0.103
az1698 0 10 0.043
az1699 0 10 0.125
az1700 0 10 0.073
az1701 0 10 0.119
az1702 0 10 0.185
az1703 0 10 0.079
az1714 0 10 0.100
az1715 0 10 0.146
az1717 0 10 0.284
az1718 0 10 0.207
az1720 0 10 0.095
az1722 0 10 0.000
az1724 0 10 0.043
az1725 0 10 0.014
az1727 0 10 0.091
az1729 0 10 0.062
az1730 0 10 0.011
az1731 0 10 0.200
az1732 0 10 0.040
az1733 0 10 0.053
az1735 0 10 0.049
az1736 0 10 0.029
az1737 0 10 0.031
az1739 0 10 0.034
az1740 0 10 0.000
az1742 0 10 0.145
az1743 0 10 0.023
az1752 0 10 0.189
az1755 0 10 0.125
az1756 0 10 0.014
az1757 0 10 0.106
az1760 0 10 0.333
az1762 0 10 0.148
az1765 0 10 0.017
az1766 0 10 0.032
az1767 0 10 0.050
az1768 0 10 0.084
az1770 0 10 0.038
az1771 0 10 0.119
az1772 0 10 0.029
az1773 0 10 0.000
az1774 0 10 0.500
az1775 0 10 0.138
az1776 0 10 0.090
az1777 0 10 0.047
az1778 0 10 0.051
az1781 0 10 0.107
az1785 0 10 0.026
az1788 0 10 0.120
az1793 0 10 0.041
az1796 0 10 0.316
az1797 0 10 0.077
az1799 0 10 0.156
az1800 0 10 0.031
az1802 0 10 0.092
az1803 0 10 0.207
az1806 0 10 0.106
az1818 0 10 0.132
az1819 0 10 0.087
az1820 0 10 0.009
az1821 0 10 0.106
az1822 0 10 0.069
az1823 0 10 0.115
az1824 0 10 0.000
az1826 0 10 0.154
az1827 0 10 0.067
az1829 0 10 0.064
az1830 0 10 0.000
az1831 0 10 0.000
az1833 0 10 0.122
az1834 0 10 0.058
az1835 0 10 0.125
az1837 0 10 0.154
az1838 0 10 0.094
az1840 0 10 0.043
az1841 0 10 0.086
az1846 0 10 0.051
az1847 0 10 0.062
az1849 0 10 0.029
az1850 0 10 0.031
az1853 0 10 0.044
az1854 0 10 0.055
az1855 0 10 0.101
az1856 0 10 0.026
az1857 0 10 0.109
az1858 0 10 0.087
az1860 0 10 0.150
az1861 0 10 0.099
az1862 0 10 0.085
az1864 0 10 0.083
az1866 0 10 0.048
az1867 0 10 0.024
az1868 0 10 0.175
az1869 0 10 0.213
az1873 0 10 0.092
az1874 0 10 0.000
az1875 0 10 0.114
az1877 0 10 0.174
az1879 0 10 0.018
az1880 0 10 0.103
az1881 0 10 0.000
az1899 0 10 0.045
az1900 0 10 0.062
az1905 0 10 0.043
az1906 0 10 0.050
az1912 0 10 0.024
az1913 0 10 0.064
az1915 0 10 0.028
az1917 0 10 0.096
az1918 0 10 0.278
az1919 0 10 0.054
az1920 0 10 0.042
az1921 0 10 0.017
az1922 0 10 0.029
az1923 0 10 0.009
az1924 0 10 0.000
az1925 0 10 0.063
az1926 0 10 0.122
az1927 0 10 0.014
az1928 0 10 0.101
az1929 0 10 0.111
az1930 0 10 0.148
az1931 0 10 0.103
az1932 0 10 0.037
az1933 0 10 0.076
az1934 0 10 0.043
az1935 0 10 0.043
az1936 0 10 0.039
az1937 0 10 0.077
az1949 0 10 0.038
az1950 0 10 0.041
az1951 0 10 0.000
az1953 0 10 0.124
az1954 0 10 0.138
az1956 0 10 0.031
az1957 0 10 0.000
az1962 0 10 0.068
az1963 0 10 0.028
az1964 0 10 0.109
az1965 0 10 0.060
az1966 0 10 0.029
az1967 0 10 0.066
az1968 0 10 0.088
az1969 0 10 0.106
az1970 0 10 0.052
az1972 0 10 0.043
az1983 0 10 0.054
az1984 0 10 0.039
az1985 0 10 0.095
az1986 0 10 0.061
az1988 0 10 0.066
az1989 0 10 0.079
az1990 0 10 0.000
az2001 0 10 0.031
