az31 0 10 0.012
az32 0 10 0.032
az35 0 10 0.016
az36 0 10 0.018
az41 0 10 0.489
az45 0 10 0.043
az53 0 10 0.263
az87 0 10 0.024
az91 0 10 0.062
az101 0 10 0.023
az117 0 10 0.013
az118 0 10 0.064
az119 0 10 0.018
az120 0 10 0.012
az121 0 10 0.161
az122 0 10 0.102
az123 0 10 0.092
az139 0 10 0.036
az144 0 10 0.067
az145 0 10 0.023
az146 0 10 0.019
az147 0 10 0.027
az181 0 10 0.083
az182 0 10 0.107
az183 0 10 0.024
az184 0 10 0.039
az188 0 10 0.242
az191 0 10 0.067
az193 0 10 0.019
az197 0 10 0.029
az199 0 10 0.156
az203 0 10 0.013
az204 0 10 0.018
az205 0 10 0.011
az206 0 10 0.027
az211 0 10 0.025
az212 0 10 0.030
az215 0 10 0.008
az216 0 10 0.111
az217 0 10 0.013
az232 0 10 0.010
az234 0 10 0.021
az245 0 10 0.043
az246 0 10 0.200
az247 0 10 0.031
az248 0 10 0.020
az249 0 10 0.010
az250 0 10 0.027
az251 0 10 0.023
az252 0 10 0.043
az253 0 10 0.035
az255 0 10 0.042
az256 0 10 0.052
az257 0 10 0.036
az258 0 10 0.000
az259 0 10 0.018
az261 0 10 0.006
az262 0 10 0.016
az263 0 10 0.030
az264 0 10 0.081
az272 0 10 0.023
az274 0 10 0.051
az276 0 10 0.014
az277 0 10 0.026
az278 0 10 0.111
az281 0 10 0.021
az284 0 10 0.167
az285 0 10 0.025
az286 0 10 0.000
az287 0 10 0.125
az288 0 10 0.005
az289 0 10 0.047
az290 0 10 0.017
az291 0 10 0.022
az294 0 10 0.026
az295 0 10 0.000
az300 0 10 0.006
az301 0 10 0.029
az302 0 10 0.009
az303 0 10 0.021
az304 0 10 0.033
az306 0 10 0.005
az307 0 10 0.014
az308 0 10 0.018
az309 0 10 0.000
az310 0 10 0.036
az311 0 10 0.017
az312 0 10 0.040
az315 0 10 0.002
az317 0 10 0.010
az325 0 10 0.019
az328 0 10 0.182
az329 0 10 0.017
az331 0 10 0.011
az334 0 10 0.032
az335 0 10 0.020
az337 0 10 0.057
az339 0 10 0.022
az341 0 10 0.000
az342 0 10 0.005
az343 0 10 0.020
az344 0 10 0.011
az345 0 10 0.010
az347 0 10 0.025
az349 0 10 0.016
az350 0 10 0.011
az351 0 10 0.029
az352 0 10 0.006
az353 0 10 0.011
az354 0 10 0.010
az355 0 10 0.012
az356 0 10 0.045
az358 0 10 0.023
az359 0 10 0.008
az360 0 10 0.000
az361 0 10 0.000
az362 0 10 0.000
az363 0 10 0.026
az364 0 10 0.011
az366 0 10 0.023
az369 0 10 0.010
az370 0 10 0.020
az371 0 10 0.014
az372 0 10 0.040
az373 0 10 0.004
az374 0 10 0.002
az376 0 10 0.015
az377 0 10 0.037
az378 0 10 0.013
az381 0 10 0.015
az384 0 10 0.012
az387 0 10 0.188
az388 0 10 0.000
az391 0 10 0.005
az394 0 10 0.009
az395 0 10 0.021
az396 0 10 0.000
az397 0 10 0.007
az400 0 10 0.020
az419 0 10 0.010
az420 0 10 0.005
az421 0 10 0.027
az423 0 10 0.027
az426 0 10 0.000
az428 0 10 0.028
az429 0 10 0.097
az431 0 10 0.008
az448 0 10 0.041
az451 0 10 0.022
az452 0 10 0.025
az465 0 10 0.062
az467 0 10 0.021
az470 0 10 0.065
az473 0 10 0.007
az479 0 10 0.120
az481 0 10 0.000
az483 0 10 0.038
az486 0 10 0.051
az487 0 10 0.000
az490 0 10 0.018
az492 0 10 0.002
az493 0 10 0.026
az494 0 10 0.017
az496 0 10 0.006
az497 0 10 0.003
az498 0 10 0.000
az501 0 10 0.000
az502 0 10 0.039
az504 0 10 0.014
az508 0 10 0.019
az509 0 10 0.200
az510 0 10 0.043
az512 0 10 0.012
az513 0 10 0.008
az514 0 10 0.000
az515 0 10 0.034
az516 0 10 0.073
az518 0 10 0.015
az519 0 10 0.012
az520 0 10 0.014
az521 0 10 0.046
az522 0 10 0.000
az523 0 10 0.017
az526 0 10 0.000
az529 0 10 0.034
az530 0 10 0.042
az532 0 10 0.011
az534 0 10 0.025
az536 0 10 0.031
az537 0 10 0.030
az540 0 10 0.016
az541 0 10 0.009
az545 0 10 0.013
az546 0 10 0.030
az549 0 10 0.016
az566 0 10 0.000
az572 0 10 0.027
az573 0 10 0.012
az574 0 10 0.047
az575 0 10 0.005
az576 0 10 0.011
az577 0 10 0.026
az578 0 10 0.038
az582 0 10 0.022
az591 0 10 0.030
az592 0 10 0.030
az601 0 10 0.031
az603 0 10 0.019
az605 0 10 0.000
az606 0 10 0.000
az607 0 10 0.037
az608 0 10 0.027
az609 0 10 0.048
az614 0 10 0.000
az615 0 10 0.000
az616 0 10 0.059
az617 0 10 0.000
az618 0 10 0.009
az619 0 10 0.015
az620 0 10 0.000
az621 0 10 0.018
az622 0 10 0.000
az623 0 10 0.009
az624 0 10 0.014
az625 0 10 0.028
az626 0 10 0.000
az627 0 10 0.015
az628 0 10 0.045
az629 0 10 0.016
az630 0 10 0.010
az632 0 10 0.000
az637 0 10 0.092
az646 0 10 0.000
az647 0 10 0.025
az648 0 10 0.140
az649 0 10 0.038
az650 0 10 0.016
az651 0 10 0.029
az652 0 10 0.025
az655 0 10 0.003
az657 0 10 0.013
az660 0 10 0.048
az661 0 10 0.045
az665 0 10 0.000
az667 0 10 0.016
az668 0 10 0.036
az670 0 10 0.015
az671 0 10 0.000
az672 0 10 0.056
az673 0 10 0.013
az677 0 10 0.000
az679 0 10 0.032
az680 0 10 0.010
az681 0 10 0.043
az683 0 10 0.000
az685 0 10 0.154
az687 0 10 0.006
az689 0 10 0.070
az690 0 10 0.012
az692 0 10 0.011
az696 0 10 0.000
az698 0 10 0.004
az699 0 10 0.051
az700 0 10 0.025
az701 0 10 0.000
az702 0 10 0.005
az703 0 10 0.015
az704 0 10 0.010
az705 0 10 0.015
az706 0 10 0.021
az707 0 10 0.022
az708 0 10 0.025
az710 0 10 0.000
az711 0 10 0.025
az712 0 10 0.010
az713 0 10 0.000
az725 0 10 0.035
az726 0 10 0.000
az727 0 10 0.083
az730 0 10 0.016
az731 0 10 0.000
az732 0 10 0.015
az733 0 10 0.006
az734 0 10 0.000
az735 0 10 0.036
az742 0 10 0.024
az743 0 10 0.087
az744 0 10 0.012
az745 0 10 0.000
az747 0 10 0.047
az748 0 10 0.040
az750 0 10 0.005
az754 0 10 0.100
az755 0 10 0.000
az757 0 10 0.136
az758 0 10 0.014
az761 0 10 0.013
az766 0 10 0.021
az767 0 10 0.018
az768 0 10 0.033
az769 0 10 0.021
az770 0 10 0.044
az771 0 10 0.011
az772 0 10 0.000
az773 0 10 0.009
az794 0 10 0.000
az795 0 10 0.000
az796 0 10 0.014
az797 0 10 0.009
az798 0 10 0.000
az799 0 10 0.000
az800 0 10 0.009
az801 0 10 0.012
az802 0 10 0.007
az803 0 10 0.016
az804 0 10 0.012
az805 0 10 0.000
az806 0 10 0.000
az809 0 10 0.100
az810 0 10 0.000
az811 0 10 0.010
az812 0 10 0.000
az820 0 10 0.012
az825 0 10 0.000
az826 0 10 0.000
az827 0 10 0.000
az828 0 10 0.000
az829 0 10 0.001
az830 0 10 0.024
az831 0 10 0.009
az832 0 10 0.000
az833 0 10 0.051
az834 0 10 0.003
az835 0 10 0.000
az836 0 10 0.016
az839 0 10 0.009
az840 0 10 0.015
az843 0 10 0.027
az846 0 10 0.014
az847 0 10 0.011
az848 0 10 0.028
az849 0 10 0.024
az850 0 10 0.064
az851 0 10 0.022
az853 0 10 0.013
az854 0 10 0.003
az855 0 10 0.025
az856 0 10 0.007
az857 0 10 0.000
az858 0 10 0.013
az859 0 10 0.009
az860 0 10 0.000
az861 0 10 0.023
az863 0 10 0.003
az864 0 10 0.012
az866 0 10 0.010
az868 0 10 0.000
az869 0 10 0.015
az870 0 10 0.006
az872 0 10 0.009
az874 0 10 0.012
az877 0 10 0.000
az880 0 10 0.026
az881 0 10 0.011
az882 0 10 0.010
az886 0 10 0.036
az893 0 10 0.028
az895 0 10 0.016
az896 0 10 0.006
az897 0 10 0.049
az901 0 10 0.007
az902 0 10 0.000
az903 0 10 0.008
az904 0 10 0.005
az905 0 10 0.005
az907 0 10 0.000
az908 0 10 0.000
az909 0 10 0.019
az912 0 10 0.000
az915 0 10 0.010
az920 0 10 0.048
az921 0 10 0.008
az927 0 10 0.000
az928 0 10 0.022
az929 0 10 0.004
az931 0 10 0.000
az932 0 10 0.034
az933 0 10 0.000
az934 0 10 0.004
az935 0 10 0.050
az936 0 10 0.000
az937 0 10 0.025
az938 0 10 0.000
az939 0 10 0.009
az940 0 10 0.000
az942 0 10 0.000
az945 0 10 0.010
az946 0 10 0.023
az950 0 10 0.029
az952 0 10 0.010
az953 0 10 0.000
az954 0 10 0.000
az955 0 10 0.009
az957 0 10 0.000
az959 0 10 0.028
az960 0 10 0.012
az961 0 10 0.000
az962 0 10 0.016
az963 0 10 0.000
az964 0 10 0.000
az977 0 10 0.000
az978 0 10 0.004
az981 0 10 0.003
az982 0 10 0.002
az986 0 10 0.009
az988 0 10 0.000
az989 0 10 0.007
az991 0 10 0.019
az1000 0 10 0.000
az1006 0 10 0.008
az1011 0 10 0.000
az1013 0 10 0.000
az1014 0 10 0.029
az1015 0 10 0.048
az1020 0 10 0.023
az1021 0 10 0.000
az1022 0 10 0.013
az1023 0 10 0.005
az1024 0 10 0.046
az1025 0 10 0.021
az1026 0 10 0.000
az1027 0 10 0.004
az1028 0 10 0.004
az1029 0 10 0.037
az1030 0 10 0.013
az1031 0 10 0.000
az1032 0 10 0.000
az1033 0 10 0.015
az1034 0 10 0.011
az1035 0 10 0.010
az1036 0 10 0.010
az1038 0 10 0.000
az1039 0 10 0.021
az1041 0 10 0.006
az1042 0 10 0.000
az1043 0 10 0.051
az1045 0 10 0.000
az1047 0 10 0.029
az1048 0 10 0.013
az1054 0 10 0.019
az1055 0 10 0.018
az1056 0 10 0.021
az1058 0 10 0.013
az1059 0 10 0.021
az1060 0 10 0.000
az1061 0 10 0.016
az1062 0 10 0.100
az1063 0 10 0.000
az1064 0 10 0.001
az1065 0 10 0.000
az1066 0 10 0.000
az1067 0 10 0.009
az1068 0 10 0.007
az1069 0 10 0.015
az1070 0 10 0.000
az1071 0 10 0.032
az1074 0 10 0.008
az1076 0 10 0.030
az1077 0 10 0.007
az1078 0 10 0.008
az1079 0 10 0.037
az1080 0 10 0.117
az1082 0 10 0.019
az1083 0 10 0.012
az1084 0 10 0.020
az1085 0 10 0.017
az1086 0 10 0.024
az1090 0 10 0.014
az1097 0 10 0.023
az1100 0 10 0.000
az1101 0 10 0.011
az1102 0 10 0.019
az1103 0 10 0.033
az1104 0 10 0.000
az1105 0 10 0.040
az1106 0 10 0.120
az1108 0 10 0.024
az1114 0 10 0.019
az1115 0 10 0.005
az1116 0 10 0.023
az1117 0 10 0.000
az1119 0 10 0.000
az1124 0 10 0.041
az1125 0 10 0.009
az1126 0 10 0.076
az1130 0 10 0.000
az1133 0 10 0.005
az1140 0 10 0.033
az1142 0 10 0.004
az1145 0 10 0.000
az1146 0 10 0.062
az1147 0 10 0.034
az1148 0 10 0.010
az1151 0 10 0.016
az1154 0 10 0.025
az1156 0 10 0.007
az1158 0 10 0.031
az1160 0 10 0.000
az1163 0 10 0.000
az1165 0 10 0.042
az1166 0 10 0.004
az1172 0 10 0.000
az1174 0 10 0.008
az1175 0 10 0.053
az1177 0 10 0.047
az1183 0 10 0.006
az1184 0 10 0.030
az1188 0 10 0.000
az1189 0 10 0.000
az1205 0 10 0.000
az1206 0 10 0.003
az1210 0 10 0.001
az1211 0 10 0.022
az1212 0 10 0.000
az1213 0 10 0.000
az1214 0 10 0.000
az1215 0 10 0.000
az1216 0 10 0.009
az1217 0 10 0.030
az1218 0 10 0.008
az1219 0 10 0.000
az1220 0 10 0.007
az1222 0 10 0.045
az1223 0 10 0.026
az1227 0 10 0.000
az1228 0 10 0.000
az1230 0 10 0.003
az1232 0 10 0.004
az1233 0 10 0.004
az1234 0 10 0.021
az1235 0 10 0.002
az1236 0 10 0.000
az1237 0 10 0.005
az1238 0 10 0.022
az1239 0 10 0.006
az1241 0 10 0.000
az1242 0 10 0.006
az1243 0 10 0.015
az1244 0 10 0.000
az1245 0 10 0.017
az1248 0 10 0.000
az1249 0 10 0.000
az1250 0 10 0.034
az1251 0 10 0.000
az1252 0 10 0.000
az1253 0 10 0.010
az1254 0 10 0.009
az1256 0 10 0.000
az1257 0 10 0.000
az1258 0 10 0.007
az1260 0 10 0.011
az1262 0 10 0.000
az1263 0 10 0.014
az1264 0 10 0.000
az1265 0 10 0.000
az1266 0 10 0.000
az1267 0 10 0.000
az1268 0 10 0.016
az1269 0 10 0.042
az1270 0 10 0.023
az1271 0 10 0.025
az1273 0 10 0.025
az1278 0 10 0.014
az1279 0 10 0.027
az1281 0 10 0.007
az1282 0 10 0.022
az1283 0 10 0.017
az1284 0 10 0.047
az1285 0 10 0.052
az1286 0 10 0.026
az1288 0 10 0.000
az1289 0 10 0.027
az1290 0 10 0.025
az1291 0 10 0.006
az1292 0 10 0.045
az1293 0 10 0.000
az1294 0 10 0.023
az1295 0 10 0.000
az1296 0 10 0.003
az1297 0 10 0.000
az1299 0 10 0.032
az1300 0 10 0.000
az1301 0 10 0.016
az1302 0 10 0.015
az1303 0 10 0.008
az1308 0 10 0.036
az1309 0 10 0.000
az1310 0 10 0.028
az1311 0 10 0.000
az1312 0 10 0.004
az1313 0 10 0.019
az1321 0 10 0.000
az1323 0 10 0.010
az1326 0 10 0.000
az1328 0 10 0.029
az1329 0 10 0.025
az1331 0 10 0.000
az1332 0 10 0.030
az1337 0 10 0.019
az1338 0 10 0.008
az1339 0 10 0.083
az1340 0 10 0.000
az1341 0 10 0.013
az1344 0 10 0.015
az1345 0 10 0.000
az1346 0 10 0.006
az1347 0 10 0.019
az1361 0 10 0.005
az1362 0 10 0.000
az1363 0 10 0.009
az1364 0 10 0.000
az1365 0 10 0.000
az1366 0 10 0.000
az1369 0 10 0.000
az1372 0 10 0.008
az1373 0 10 0.000
az1374 0 10 0.000
az1375 0 10 0.000
az1376 0 10 0.020
az1377 0 10 0.006
az1378 0 10 0.004
az1379 0 10 0.069
az1380 0 10 0.051
az1381 0 10 0.026
az1382 0 10 0.000
az1383 0 10 0.042
az1384 0 10 0.011
az1385 0 10 0.000
az1386 0 10 0.009
az1387 0 10 0.013
az1388 0 10 0.000
az1390 0 10 0.014
az1391 0 10 0.000
az1393 0 10 0.000
az1397 0 10 0.003
az1398 0 10 0.023
az1400 0 10 0.000
az1414 0 10 0.000
az1416 0 10 0.021
az1417 0 10 0.000
az1418 0 10 0.000
az1419 0 10 0.000
az1420 0 10 0.000
az1423 0 10 0.031
az1424 0 10 0.000
az1426 0 10 0.000
az1428 0 10 0.000
az1429 0 10 0.000
az1430 0 10 0.017
az1431 0 10 0.000
az1432 0 10 0.000
az1435 0 10 0.000
az1436 0 10 0.010
az1438 0 10 0.013
az1439 0 10 0.028
az1441 0 10 0.000
az1442 0 10 0.004
az1443 0 10 0.045
az1445 0 10 0.017
az1448 0 10 0.000
az1449 0 10 0.000
az1450 0 10 0.000
az1451 0 10 0.008
az1452 0 10 0.006
az1453 0 10 0.001
az1454 0 10 0.015
az1456 0 10 0.030
az1457 0 10 0.005
az1458 0 10 0.004
az1459 0 10 0.009
az1460 0 10 0.000
az1461 0 10 0.000
az1462 0 10 0.056
az1463 0 10 0.029
az1466 0 10 0.042
az1467 0 10 0.000
az1469 0 10 0.038
az1471 0 10 0.023
az1472 0 10 0.000
az1473 0 10 0.000
az1474 0 10 0.000
az1475 0 10 0.000
az1476 0 10 0.013
az1477 0 10 0.023
az1479 0 10 0.000
az1480 0 10 0.018
az1483 0 10 0.026
az1485 0 10 0.000
az1487 0 10 0.000
az1488 0 10 0.000
az1490 0 10 0.000
az1491 0 10 0.043
az1493 0 10 0.000
az1494 0 10 0.000
az1495 0 10 0.026
az1496 0 10 0.000
az1497 0 10 0.004
az1498 0 10 0.059
az1503 0 10 0.011
az1504 0 10 0.043
az1505 0 10 0.016
az1509 0 10 0.000
az1513 0 10 0.006
az1518 0 10 0.000
az1520 0 10 0.012
az1524 0 10 0.000
az1525 0 10 0.016
az1526 0 10 0.003
az1528 0 10 0.000
az1530 0 10 0.000
az1533 0 10 0.003
az1534 0 10 0.050
az1535 0 10 0.018
az1543 0 10 0.031
az1544 0 10 0.013
az1545 0 10 0.000
az1546 0 10 0.009
az1548 0 10 0.014
az1551 0 10 0.000
az1552 0 10 0.011
az1557 0 10 0.040
az1558 0 10 0.050
az1559 0 10 0.041
az1562 0 10 0.012
az1563 0 10 0.027
az1564 0 10 0.000
az1565 0 10 0.051
az1566 0 10 0.006
az1568 0 10 0.000
az1581 0 10 0.000
az1582 0 10 0.000
az1583 0 10 0.000
az1584 0 10 0.010
az1586 0 10 0.013
az1588 0 10 0.020
az1589 0 10 0.000
az1590 0 10 0.000
az1593 0 10 0.002
az1595 0 10 0.004
az1597 0 10 0.000
az1600 0 10 0.035
az1601 0 10 0.000
az1602 0 10 0.000
az1604 0 10 0.000
az1608 0 10 0.000
az1609 0 10 0.022
az1617 0 10 0.013
az1623 0 10 0.009
az1626 0 10 0.012
az1629 0 10 0.016
az1630 0 10 0.038
az1631 0 10 0.000
az1632 0 10 0.009
az1634 0 10 0.004
az1635 0 10 0.000
az1636 0 10 0.000
az1637 0 10 0.016
az1640 0 10 0.000
az1641 0 10 0.000
az1642 0 10 0.000
az1643 0 10 0.037
az1644 0 10 0.021
az1645 0 10 0.000
az1646 0 10 0.029
az1647 0 10 0.003
az1648 0 10 0.012
az1649 0 10 0.000
az1650 0 10 0.002
az1651 0 10 0.008
az1652 0 10 0.000
az1653 0 10 0.050
az1654 0 10 0.000
az1655 0 10 0.000
az1657 0 10 0.011
az1658 0 10 0.000
az1661 0 10 0.000
az1662 0 10 0.002
az1663 0 10 0.000
az1664 0 10 0.000
az1665 0 10 0.000
az1666 0 10 0.020
az1667 0 10 0.000
az1669 0 10 0.000
az1674 0 10 0.000
az1675 0 10 0.000
az1676 0 10 0.000
az1677 0 10 0.074
az1678 0 10 0.022
az1679 0 10 0.015
az1680 0 10 0.000
az1682 0 10 0.083
az1683 0 10 0.010
az1684 0 10 0.009
az1685 0 10 0.010
az1686 0 10 0.000
az1687 0 10 0.000
az1688 0 10 0.000
az1689 0 10 0.000
az1690 0 10 0.000
az1691 0 10 0.002
az1692 0 10 0.000
az1693 0 10 0.000
az1694 0 10 0.000
az1695 0 10 0.000
az1696 0 10 0.000
az1697 0 10 0.000
az1698 0 10 0.000
az1699 0 10 0.000
az1700 0 10 0.000
az1701 0 10 0.009
az1702 0 10 0.045
az1703 0 10 0.000
az1714 0 10 0.000
az1715 0 10 0.000
az1716 0 10 0.014
az1717 0 10 0.000
az1718 0 10 0.034
az1719 0 10 0.004
az1720 0 10 0.000
az1721 0 10 0.000
az1722 0 10 0.000
az1723 0 10 0.013
az1724 0 10 0.000
az1725 0 10 0.000
az1726 0 10 0.000
az1727 0 10 0.000
az1728 0 10 0.000
az1730 0 10 0.000
az1731 0 10 0.000
az1732 0 10 0.000
az1733 0 10 0.010
az1734 0 10 0.000
az1736 0 10 0.029
az1738 0 10 0.002
az1741 0 10 0.000
az1743 0 10 0.028
az1744 0 10 0.061
az1745 0 10 0.019
az1746 0 10 0.016
az1747 0 10 0.000
az1748 0 10 0.000
az1749 0 10 0.000
az1750 0 10 0.012
az1751 0 10 0.026
az1753 0 10 0.000
az1756 0 10 0.000
az1757 0 10 0.003
az1758 0 10 0.011
az1759 0 10 0.008
az1760 0 10 0.000
az1761 0 10 0.000
az1762 0 10 0.040
az1767 0 10 0.000
az1769 0 10 0.008
az1770 0 10 0.000
az1772 0 10 0.000
az1773 0 10 0.000
az1775 0 10 0.007
az1776 0 10 0.000
az1778 0 10 0.005
az1780 0 10 0.000
az1781 0 10 0.000
az1782 0 10 0.000
az1785 0 10 0.000
az1786 0 10 0.000
az1789 0 10 0.000
az1790 0 10 0.021
az1791 0 10 0.000
az1792 0 10 0.000
az1793 0 10 0.000
az1794 0 10 0.000
az1795 0 10 0.008
az1796 0 10 0.018
az1797 0 10 0.000
az1798 0 10 0.000
az1802 0 10 0.008
az1803 0 10 0.000
az1807 0 10 0.014
az1818 0 10 0.019
az1819 0 10 0.005
az1823 0 10 0.000
az1826 0 10 0.000
az1827 0 10 0.000
az1828 0 10 0.000
az1829 0 10 0.021
az1830 0 10 0.000
az1831 0 10 0.000
az1833 0 10 0.000
az1834 0 10 0.026
az1835 0 10 0.000
az1836 0 10 0.001
az1837 0 10 0.000
az1838 0 10 0.000
az1839 0 10 0.013
az1840 0 10 0.000
az1841 0 10 0.029
az1844 0 10 0.019
az1845 0 10 0.005
az1848 0 10 0.000
az1850 0 10 0.000
az1851 0 10 0.007
az1852 0 10 0.006
az1853 0 10 0.022
az1854 0 10 0.027
az1855 0 10 0.000
az1856 0 10 0.000
az1859 0 10 0.000
az1860 0 10 0.000
az1861 0 10 0.003
az1863 0 10 0.000
az1865 0 10 0.000
az1866 0 10 0.095
az1867 0 10 0.024
az1868 0 10 0.038
az1869 0 10 0.017
az1870 0 10 0.000
az1871 0 10 0.000
az1874 0 10 0.033
az1875 0 10 0.011
az1877 0 10 0.014
az1879 0 10 0.000
az1880 0 10 0.051
az1881 0 10 0.000
az1882 0 10 0.027
az1883 0 10 0.010
az1894 0 10 0.038
az1895 0 10 0.000
az1896 0 10 0.017
az1897 0 10 0.007
az1898 0 10 0.003
az1899 0 10 0.000
az1900 0 10 0.031
az1904 0 10 0.036
az1905 0 10 0.000
az1906 0 10 0.005
az1907 0 10 0.005
az1909 0 10 0.011
az1910 0 10 0.000
az1911 0 10 0.006
az1912 0 10 0.000
az1913 0 10 0.000
az1914 0 10 0.000
az1915 0 10 0.008
az1916 0 10 0.005
az1918 0 10 0.000
az1919 0 10 0.003
az1920 0 10 0.000
az1922 0 10 0.000
az1924 0 10 0.000
az1925 0 10 0.004
az1926 0 10 0.000
az1927 0 10 0.000
az1929 0 10 0.000
az1930 0 10 0.000
az1931 0 10 0.001
az1932 0 10 0.009
az1934 0 10 0.008
az1936 0 10 0.000
az1938 0 10 0.004
az1949 0 10 0.000
az1950 0 10 0.000
az1951 0 10 0.000
az1953 0 10 0.041
az1954 0 10 0.000
az1955 0 10 0.000
az1957 0 10 0.000
az1958 0 10 0.000
az1959 0 10 0.003
az1960 0 10 0.007
az1961 0 10 0.004
az1962 0 10 0.007
az1963 0 10 0.015
az1965 0 10 0.005
az1966 0 10 0.029
az1968 0 10 0.000
az1970 0 10 0.004
az1971 0 10 0.000
az1972 0 10 0.000
az1983 0 10 0.004
az1985 0 10 0.000
az1986 0 10 0.006
az1987 0 10 0.008
az1988 0 10 0.007
az1989 0 10 0.004
az1990 0 10 0.024
az2001 0 10 0.006
