az17 0 10 1.000
az40 0 10 0.942
az46 0 10 0.167
az56 0 10 1.000
az62 0 10 0.775
az64 0 10 0.926
az69 0 10 0.350
az74 0 10 0.849
az95 0 10 0.500
az96 0 10 0.160
az111 0 10 0.573
az112 0 10 0.878
az113 0 10 0.783
az122 0 10 0.299
az133 0 10 0.402
az150 0 10 0.375
az157 0 10 0.272
az158 0 10 0.313
az159 0 10 0.233
az169 0 10 0.661
az170 0 10 0.915
az171 0 10 0.233
az172 0 10 0.764
az173 0 10 0.812
az180 0 10 0.905
az187 0 10 0.800
az194 0 10 0.399
az195 0 10 0.810
az196 0 10 0.709
az198 0 10 0.374
az202 0 10 0.714
az207 0 10 0.387
az209 0 10 0.312
az210 0 10 0.833
az222 0 10 0.875
az226 0 10 0.655
az231 0 10 0.272
az233 0 10 0.691
az234 0 10 0.143
az246 0 10 0.300
az248 0 10 0.052
az249 0 10 0.297
az266 0 10 0.274
az297 0 10 0.122
az300 0 10 0.304
az301 0 10 0.437
az302 0 10 0.306
az323 0 10 0.065
az325 0 10 0.096
az327 0 10 0.220
az335 0 10 0.103
az337 0 10 0.450
az338 0 10 0.393
az340 0 10 0.656
az348 0 10 0.779
az354 0 10 0.000
az359 0 10 0.481
az360 0 10 0.121
az373 0 10 0.283
az374 0 10 0.432
az376 0 10 0.777
az378 0 10 0.064
az385 0 10 0.517
az386 0 10 0.197
az388 0 10 0.800
az391 0 10 0.120
az406 0 10 0.238
az407 0 10 0.291
az408 0 10 0.860
az411 0 10 0.307
az416 0 10 0.577
az430 0 10 0.106
az436 0 10 0.249
az443 0 10 0.225
az444 0 10 0.163
az445 0 10 0.469
az447 0 10 0.405
az454 0 10 0.187
az467 0 10 0.061
az472 0 10 0.013
az474 0 10 0.247
az475 0 10 0.351
az480 0 10 0.382
az484 0 10 0.250
az495 0 10 0.757
az499 0 10 0.494
az500 0 10 0.300
az506 0 10 0.067
az507 0 10 0.384
az509 0 10 0.120
az510 0 10 0.000
az511 0 10 0.011
az517 0 10 0.107
az523 0 10 0.000
az528 0 10 0.583
az539 0 10 0.344
az543 0 10 0.059
az550 0 10 0.354
az551 0 10 0.319
az553 0 10 0.232
az554 0 10 0.318
az555 0 10 0.255
az556 0 10 0.243
az557 0 10 0.364
az565 0 10 0.043
az566 0 10 0.052
az572 0 10 0.018
az583 0 10 0.391
az584 0 10 0.420
az585 0 10 0.022
az595 0 10 0.113
az596 0 10 0.125
az600 0 10 0.135
az606 0 10 0.733
az619 0 10 0.290
az620 0 10 0.193
az621 0 10 0.177
az623 0 10 0.202
az628 0 10 0.136
az632 0 10 0.407
az634 0 10 0.000
az636 0 10 0.021
az639 0 10 0.529
az642 0 10 0.240
az652 0 10 0.083
az655 0 10 0.069
az662 0 10 0.174
az663 0 10 0.035
az676 0 10 0.043
az677 0 10 0.459
az690 0 10 0.351
az692 0 10 0.055
az700 0 10 0.400
az701 0 10 0.019
az711 0 10 0.042
az724 0 10 0.131
az727 0 10 0.417
az731 0 10 0.273
az752 0 10 0.264
az767 0 10 0.032
az774 0 10 0.033
az783 0 10 0.025
az784 0 10 0.080
az785 0 10 0.154
az786 0 10 0.105
az792 0 10 0.154
az795 0 10 0.233
az808 0 10 0.149
az809 0 10 0.200
az813 0 10 0.293
az814 0 10 0.221
az815 0 10 0.044
az816 0 10 0.224
az817 0 10 0.172
az819 0 10 0.147
az825 0 10 0.200
az829 0 10 0.196
az830 0 10 0.057
az838 0 10 0.028
az841 0 10 0.107
az851 0 10 0.254
az852 0 10 0.000
az855 0 10 0.317
az857 0 10 0.330
az858 0 10 0.365
az860 0 10 0.250
az861 0 10 0.227
az863 0 10 0.180
az865 0 10 0.350
az866 0 10 0.193
az867 0 10 0.043
az872 0 10 0.373
az873 0 10 0.352
az875 0 10 0.345
az876 0 10 0.265
az877 0 10 0.087
az879 0 10 0.209
az880 0 10 0.051
az883 0 10 0.250
az889 0 10 0.407
az890 0 10 0.107
az891 0 10 0.247
az892 0 10 0.331
az894 0 10 0.271
az898 0 10 0.140
az899 0 10 0.131
az907 0 10 0.043
az911 0 10 0.161
az913 0 10 0.198
az914 0 10 0.438
az915 0 10 0.255
az917 0 10 0.159
az918 0 10 0.098
az919 0 10 0.296
az925 0 10 0.218
az926 0 10 0.267
az927 0 10 0.515
az928 0 10 0.302
az930 0 10 0.294
az931 0 10 0.268
az937 0 10 0.025
az939 0 10 0.154
az952 0 10 0.698
az955 0 10 0.477
az958 0 10 0.307
az959 0 10 0.028
az976 0 10 0.052
az979 0 10 0.044
az980 0 10 0.117
az983 0 10 0.423
az984 0 10 0.250
az985 0 10 0.476
az987 0 10 0.195
az989 0 10 0.125
az990 0 10 0.163
az993 0 10 0.161
az995 0 10 0.250
az997 0 10 0.125
az999 0 10 0.139
az1001 0 10 0.051
az1005 0 10 0.065
az1006 0 10 0.190
az1007 0 10 0.150
az1008 0 10 0.155
az1009 0 10 0.107
az1010 0 10 0.213
az1012 0 10 0.239
az1015 0 10 0.095
az1016 0 10 0.156
az1021 0 10 0.000
az1022 0 10 0.108
az1023 0 10 0.250
az1024 0 10 0.015
az1025 0 10 0.239
az1026 0 10 0.011
az1027 0 10 0.307
az1029 0 10 0.148
az1033 0 10 0.162
az1034 0 10 0.131
az1035 0 10 0.224
az1041 0 10 0.271
az1049 0 10 0.089
az1056 0 10 0.266
az1060 0 10 0.160
az1063 0 10 0.427
az1064 0 10 0.296
az1065 0 10 0.038
az1066 0 10 0.214
az1067 0 10 0.224
az1068 0 10 0.187
az1069 0 10 0.119
az1073 0 10 0.241
az1076 0 10 0.355
az1077 0 10 0.239
az1078 0 10 0.382
az1082 0 10 0.346
az1084 0 10 0.367
az1087 0 10 0.192
az1088 0 10 0.284
az1089 0 10 0.158
az1093 0 10 0.144
az1095 0 10 0.177
az1100 0 10 0.289
az1112 0 10 0.000
az1117 0 10 0.253
az1118 0 10 0.044
az1119 0 10 0.000
az1128 0 10 0.000
az1130 0 10 0.547
az1131 0 10 0.096
az1132 0 10 0.100
az1134 0 10 0.074
az1135 0 10 0.088
az1140 0 10 0.100
az1145 0 10 0.222
az1147 0 10 0.276
az1148 0 10 0.189
az1149 0 10 0.065
az1150 0 10 0.300
az1151 0 10 0.020
az1156 0 10 0.208
az1157 0 10 0.076
az1159 0 10 0.396
az1160 0 10 0.324
az1161 0 10 0.154
az1169 0 10 0.126
az1170 0 10 0.143
az1171 0 10 0.033
az1175 0 10 0.011
az1177 0 10 0.200
az1178 0 10 0.178
az1179 0 10 0.388
az1180 0 10 0.344
az1181 0 10 0.261
az1182 0 10 0.318
az1186 0 10 0.167
az1189 0 10 0.000
az1190 0 10 0.312
az1206 0 10 0.201
az1210 0 10 0.191
az1212 0 10 0.000
az1216 0 10 0.095
az1217 0 10 0.010
az1218 0 10 0.083
az1219 0 10 0.270
az1220 0 10 0.172
az1223 0 10 0.077
az1229 0 10 0.258
az1231 0 10 0.056
az1232 0 10 0.168
az1233 0 10 0.195
az1236 0 10 0.120
az1237 0 10 0.290
az1240 0 10 0.302
az1247 0 10 0.218
az1251 0 10 0.271
az1253 0 10 0.095
az1256 0 10 0.005
az1260 0 10 0.067
az1261 0 10 0.238
az1262 0 10 0.333
az1263 0 10 0.120
az1272 0 10 0.272
az1274 0 10 0.125
az1277 0 10 0.291
az1278 0 10 0.137
az1287 0 10 0.094
az1289 0 10 0.319
az1291 0 10 0.165
az1292 0 10 0.364
az1294 0 10 0.045
az1295 0 10 0.343
az1296 0 10 0.176
az1297 0 10 0.255
az1298 0 10 0.094
az1299 0 10 0.131
az1300 0 10 0.393
az1301 0 10 0.168
az1305 0 10 0.137
az1306 0 10 0.172
az1310 0 10 0.204
az1311 0 10 0.228
az1313 0 10 0.058
az1315 0 10 0.016
az1316 0 10 0.103
az1319 0 10 0.000
az1320 0 10 0.216
az1322 0 10 0.063
az1323 0 10 0.124
az1324 0 10 0.273
az1325 0 10 0.148
az1326 0 10 0.307
az1328 0 10 0.370
az1332 0 10 0.180
az1333 0 10 0.004
az1335 0 10 0.135
az1344 0 10 0.164
az1345 0 10 0.208
az1346 0 10 0.355
az1347 0 10 0.058
az1349 0 10 0.124
az1350 0 10 0.225
az1351 0 10 0.356
az1355 0 10 0.143
az1356 0 10 0.224
az1357 0 10 0.077
az1358 0 10 0.393
az1359 0 10 0.008
az1360 0 10 0.135
az1366 0 10 0.146
az1371 0 10 0.239
az1377 0 10 0.287
az1380 0 10 0.154
az1382 0 10 0.118
az1383 0 10 0.167
az1385 0 10 0.091
az1386 0 10 0.166
az1387 0 10 0.253
az1388 0 10 0.030
az1389 0 10 0.213
az1390 0 10 0.271
az1391 0 10 0.000
az1392 0 10 0.077
az1393 0 10 0.268
az1394 0 10 0.360
az1395 0 10 0.098
az1396 0 10 0.100
az1397 0 10 0.061
az1398 0 10 0.273
az1399 0 10 0.168
az1417 0 10 0.138
az1418 0 10 0.378
az1419 0 10 0.120
az1420 0 10 0.227
az1421 0 10 0.222
az1422 0 10 0.099
az1423 0 10 0.094
az1425 0 10 0.113
az1427 0 10 0.272
az1428 0 10 0.333
az1429 0 10 0.069
az1430 0 10 0.117
az1434 0 10 0.066
az1435 0 10 0.128
az1436 0 10 0.164
az1440 0 10 0.224
az1441 0 10 0.200
az1442 0 10 0.152
az1443 0 10 0.136
az1449 0 10 0.036
az1454 0 10 0.214
az1455 0 10 0.075
az1457 0 10 0.289
az1460 0 10 0.226
az1463 0 10 0.118
az1465 0 10 0.121
az1472 0 10 0.060
az1473 0 10 0.000
az1475 0 10 0.092
az1476 0 10 0.079
az1477 0 10 0.155
az1478 0 10 0.167
az1480 0 10 0.153
az1481 0 10 0.133
az1482 0 10 0.152
az1484 0 10 0.239
az1487 0 10 0.010
az1488 0 10 0.283
az1489 0 10 0.016
az1490 0 10 0.298
az1492 0 10 0.160
az1494 0 10 0.378
az1495 0 10 0.132
az1499 0 10 0.203
az1501 0 10 0.168
az1506 0 10 0.112
az1507 0 10 0.087
az1508 0 10 0.011
az1511 0 10 0.124
az1512 0 10 0.028
az1513 0 10 0.154
az1515 0 10 0.180
az1516 0 10 0.150
az1520 0 10 0.134
az1521 0 10 0.080
az1523 0 10 0.110
az1524 0 10 0.077
az1525 0 10 0.167
az1526 0 10 0.143
az1527 0 10 0.247
az1528 0 10 0.235
az1529 0 10 0.174
az1530 0 10 0.100
az1533 0 10 0.197
az1535 0 10 0.055
az1536 0 10 0.153
az1537 0 10 0.182
az1539 0 10 0.033
az1540 0 10 0.173
az1542 0 10 0.190
az1547 0 10 0.261
az1548 0 10 0.070
az1549 0 10 0.263
az1550 0 10 0.122
az1551 0 10 0.190
az1560 0 10 0.086
az1561 0 10 0.091
az1562 0 10 0.129
az1564 0 10 0.272
az1567 0 10 0.236
az1568 0 10 0.033
az1569 0 10 0.009
az1570 0 10 0.080
az1582 0 10 0.001
az1583 0 10 0.148
az1584 0 10 0.179
az1585 0 10 0.143
az1588 0 10 0.204
az1589 0 10 0.042
az1590 0 10 0.127
az1591 0 10 0.136
az1593 0 10 0.187
az1596 0 10 0.077
az1597 0 10 0.150
az1598 0 10 0.068
az1599 0 10 0.068
az1600 0 10 0.088
az1602 0 10 0.123
az1603 0 10 0.222
az1605 0 10 0.150
az1606 0 10 0.200
az1608 0 10 0.148
az1610 0 10 0.134
az1611 0 10 0.161
az1612 0 10 0.182
az1614 0 10 0.143
az1615 0 10 0.115
az1616 0 10 0.146
az1617 0 10 0.130
az1618 0 10 0.136
az1619 0 10 0.112
az1621 0 10 0.215
az1622 0 10 0.145
az1623 0 10 0.124
az1624 0 10 0.128
az1625 0 10 0.085
az1626 0 10 0.196
az1627 0 10 0.132
az1628 0 10 0.034
az1629 0 10 0.150
az1630 0 10 0.192
az1631 0 10 0.228
az1632 0 10 0.174
az1633 0 10 0.179
az1636 0 10 0.111
az1637 0 10 0.025
az1638 0 10 0.243
az1639 0 10 0.145
az1640 0 10 0.096
az1644 0 10 0.175
az1645 0 10 0.364
az1646 0 10 0.100
az1647 0 10 0.141
az1648 0 10 0.227
az1649 0 10 0.174
az1654 0 10 0.333
az1655 0 10 0.254
az1656 0 10 0.159
az1657 0 10 0.145
az1658 0 10 0.243
az1659 0 10 0.145
az1660 0 10 0.056
az1664 0 10 0.250
az1665 0 10 0.175
az1666 0 10 0.184
az1667 0 10 0.000
az1668 0 10 0.196
az1669 0 10 0.417
az1670 0 10 0.133
az1672 0 10 0.218
az1673 0 10 0.058
az1675 0 10 0.275
az1676 0 10 0.300
az1677 0 10 0.185
az1678 0 10 0.084
az1680 0 10 0.068
az1681 0 10 0.074
az1690 0 10 0.000
az1691 0 10 0.157
az1692 0 10 0.168
az1694 0 10 0.120
az1695 0 10 0.281
az1697 0 10 0.207
az1700 0 10 0.049
az1702 0 10 0.036
az1703 0 10 0.132
az1714 0 10 0.100
az1716 0 10 0.044
az1722 0 10 0.013
az1724 0 10 0.262
az1725 0 10 0.147
az1726 0 10 0.077
az1727 0 10 0.318
az1728 0 10 0.130
az1729 0 10 0.281
az1730 0 10 0.111
az1734 0 10 0.093
az1735 0 10 0.138
az1737 0 10 0.125
az1738 0 10 0.235
az1739 0 10 0.382
az1740 0 10 0.179
az1741 0 10 0.097
az1743 0 10 0.181
az1745 0 10 0.160
az1746 0 10 0.161
az1747 0 10 0.167
az1748 0 10 0.063
az1751 0 10 0.179
az1752 0 10 0.152
az1753 0 10 0.361
az1754 0 10 0.213
az1755 0 10 0.129
az1756 0 10 0.371
az1757 0 10 0.113
az1758 0 10 0.128
az1759 0 10 0.155
az1762 0 10 0.069
az1763 0 10 0.099
az1764 0 10 0.183
az1766 0 10 0.161
az1767 0 10 0.100
az1768 0 10 0.162
az1769 0 10 0.137
az1770 0 10 0.115
az1771 0 10 0.106
az1772 0 10 0.265
az1773 0 10 0.273
az1774 0 10 0.017
az1777 0 10 0.163
az1778 0 10 0.169
az1779 0 10 0.175
az1781 0 10 0.286
az1782 0 10 0.203
az1783 0 10 0.165
az1784 0 10 0.145
az1785 0 10 0.263
az1786 0 10 0.154
az1787 0 10 0.091
az1788 0 10 0.160
az1789 0 10 0.286
az1790 0 10 0.128
az1793 0 10 0.075
az1794 0 10 0.087
az1797 0 10 0.077
az1798 0 10 0.177
az1799 0 10 0.197
az1800 0 10 0.219
az1801 0 10 0.115
az1802 0 10 0.121
az1803 0 10 0.126
az1804 0 10 0.101
az1805 0 10 0.225
az1806 0 10 0.164
az1807 0 10 0.121
az1818 0 10 0.031
az1819 0 10 0.119
az1820 0 10 0.061
az1821 0 10 0.162
az1822 0 10 0.162
az1823 0 10 0.038
az1824 0 10 0.083
az1825 0 10 0.180
az1827 0 10 0.167
az1828 0 10 0.129
az1829 0 10 0.170
az1832 0 10 0.125
az1833 0 10 0.146
az1834 0 10 0.106
az1835 0 10 0.196
az1836 0 10 0.142
az1837 0 10 0.060
az1838 0 10 0.000
az1839 0 10 0.107
az1840 0 10 0.087
az1842 0 10 0.185
az1843 0 10 0.173
az1844 0 10 0.144
az1845 0 10 0.095
az1846 0 10 0.051
az1849 0 10 0.080
az1850 0 10 0.094
az1851 0 10 0.187
az1852 0 10 0.110
az1853 0 10 0.178
az1854 0 10 0.192
az1855 0 10 0.201
az1856 0 10 0.184
az1857 0 10 0.095
az1858 0 10 0.091
az1859 0 10 0.161
az1860 0 10 0.050
az1861 0 10 0.169
az1862 0 10 0.144
az1863 0 10 0.116
az1864 0 10 0.106
az1865 0 10 0.150
az1866 0 10 0.143
az1867 0 10 0.190
az1870 0 10 0.026
az1872 0 10 0.071
az1873 0 10 0.107
az1874 0 10 0.100
az1875 0 10 0.130
az1876 0 10 0.105
az1877 0 10 0.188
az1878 0 10 0.114
az1879 0 10 0.117
az1880 0 10 0.128
az1881 0 10 0.049
az1882 0 10 0.162
az1883 0 10 0.098
az1894 0 10 0.000
az1895 0 10 0.174
az1896 0 10 0.281
az1897 0 10 0.123
az1898 0 10 0.103
az1899 0 10 0.091
az1901 0 10 0.139
az1902 0 10 0.111
az1903 0 10 0.082
az1904 0 10 0.107
az1905 0 10 0.129
az1906 0 10 0.126
az1907 0 10 0.130
az1908 0 10 0.117
az1909 0 10 0.114
az1910 0 10 0.242
az1911 0 10 0.105
az1912 0 10 0.146
az1914 0 10 0.091
az1915 0 10 0.151
az1916 0 10 0.113
az1917 0 10 0.087
az1918 0 10 0.165
az1919 0 10 0.143
az1920 0 10 0.167
az1921 0 10 0.121
az1922 0 10 0.000
az1923 0 10 0.103
az1924 0 10 0.000
az1925 0 10 0.103
az1926 0 10 0.122
az1927 0 10 0.139
az1928 0 10 0.131
az1929 0 10 0.028
az1931 0 10 0.142
az1932 0 10 0.069
az1933 0 10 0.174
az1934 0 10 0.103
az1935 0 10 0.175
az1936 0 10 0.191
az1937 0 10 0.093
az1938 0 10 0.126
az1949 0 10 0.116
az1950 0 10 0.087
az1951 0 10 0.191
az1952 0 10 0.093
az1953 0 10 0.061
az1955 0 10 0.109
az1956 0 10 0.125
az1957 0 10 0.078
az1958 0 10 0.250
az1959 0 10 0.100
az1960 0 10 0.143
az1961 0 10 0.111
az1962 0 10 0.148
az1963 0 10 0.137
az1964 0 10 0.089
az1965 0 10 0.171
az1966 0 10 0.147
az1967 0 10 0.147
az1968 0 10 0.055
az1969 0 10 0.210
az1970 0 10 0.124
az1972 0 10 0.065
az1983 0 10 0.118
az1984 0 10 0.143
az1986 0 10 0.099
az1987 0 10 0.126
az1988 0 10 0.127
az1989 0 10 0.092
az1990 0 10 0.073
az2001 0 10 0.140
