az50 0 10 0.202
az64 0 10 0.074
az70 0 10 0.052
az71 0 10 0.286
az72 0 10 0.073
az104 0 10 0.178
az106 0 10 0.071
az112 0 10 0.041
az118 0 10 0.617
az124 0 10 0.118
az137 0 10 0.073
az148 0 10 0.044
az154 0 10 0.044
az160 0 10 0.155
az161 0 10 0.000
az163 0 10 0.024
az170 0 10 0.068
az175 0 10 0.750
az178 0 10 0.161
az197 0 10 0.118
az200 0 10 0.055
az207 0 10 0.065
az208 0 10 0.055
az210 0 10 0.054
az219 0 10 0.469
az221 0 10 0.061
az222 0 10 0.096
az223 0 10 0.187
az225 0 10 0.121
az228 0 10 0.047
az229 0 10 0.096
az260 0 10 0.043
az265 0 10 0.018
az267 0 10 0.194
az270 0 10 0.050
az275 0 10 0.074
az277 0 10 0.026
az287 0 10 0.083
az294 0 10 0.050
az298 0 10 0.208
az301 0 10 0.087
az304 0 10 0.000
az314 0 10 0.040
az316 0 10 0.130
az322 0 10 0.036
az328 0 10 0.136
az333 0 10 0.056
az341 0 10 0.052
az346 0 10 0.057
az350 0 10 0.041
az362 0 10 0.058
az367 0 10 0.051
az372 0 10 0.106
az377 0 10 0.035
az380 0 10 0.006
az389 0 10 0.027
az392 0 10 0.172
az393 0 10 0.048
az398 0 10 0.064
az400 0 10 0.060
az401 0 10 0.024
az402 0 10 0.129
az404 0 10 0.037
az406 0 10 0.042
az409 0 10 0.019
az410 0 10 0.048
az414 0 10 0.000
az415 0 10 0.092
az417 0 10 0.047
az418 0 10 0.046
az419 0 10 0.019
az421 0 10 0.112
az425 0 10 0.059
az429 0 10 0.499
az430 0 10 0.043
az437 0 10 0.050
az439 0 10 0.112
az441 0 10 0.083
az445 0 10 0.063
az448 0 10 0.123
az451 0 10 0.049
az453 0 10 0.114
az465 0 10 0.174
az468 0 10 0.055
az469 0 10 0.040
az471 0 10 0.077
az472 0 10 0.013
az475 0 10 0.055
az476 0 10 0.023
az477 0 10 0.053
az482 0 10 0.096
az485 0 10 0.036
az488 0 10 0.115
az489 0 10 0.039
az491 0 10 0.122
az492 0 10 0.078
az496 0 10 0.089
az499 0 10 0.057
az503 0 10 0.038
az514 0 10 0.190
az517 0 10 0.036
az524 0 10 0.080
az529 0 10 0.068
az533 0 10 0.108
az534 0 10 0.059
az542 0 10 0.006
az546 0 10 0.041
az548 0 10 0.031
az551 0 10 0.085
az554 0 10 0.039
az556 0 10 0.019
az557 0 10 0.031
az559 0 10 0.069
az560 0 10 0.065
az561 0 10 0.047
az562 0 10 0.024
az563 0 10 0.046
az564 0 10 0.032
az568 0 10 0.068
az570 0 10 0.043
az573 0 10 0.050
az574 0 10 0.108
az575 0 10 0.142
az576 0 10 0.057
az584 0 10 0.077
az586 0 10 0.119
az587 0 10 0.095
az588 0 10 0.041
az593 0 10 0.037
az594 0 10 0.030
az595 0 10 0.012
az596 0 10 0.073
az597 0 10 0.009
az598 0 10 0.044
az599 0 10 0.038
az600 0 10 0.045
az601 0 10 0.110
az604 0 10 0.021
az606 0 10 0.000
az608 0 10 0.047
az610 0 10 0.010
az611 0 10 0.038
az615 0 10 0.048
az630 0 10 0.014
az637 0 10 0.068
az638 0 10 0.028
az640 0 10 0.111
az642 0 10 0.060
az643 0 10 0.039
az644 0 10 0.037
az651 0 10 0.104
az656 0 10 0.042
az658 0 10 0.033
az659 0 10 0.025
az660 0 10 0.076
az663 0 10 0.012
az664 0 10 0.108
az665 0 10 0.026
az666 0 10 0.058
az667 0 10 0.045
az672 0 10 0.000
az673 0 10 0.076
az676 0 10 0.017
az678 0 10 0.079
az680 0 10 0.094
az682 0 10 0.045
az686 0 10 0.104
az688 0 10 0.043
az692 0 10 0.077
az694 0 10 0.043
az696 0 10 0.000
az697 0 10 0.038
az700 0 10 0.100
az706 0 10 0.043
az709 0 10 0.095
az728 0 10 0.139
az729 0 10 0.089
az732 0 10 0.018
az735 0 10 0.018
az736 0 10 0.061
az737 0 10 0.035
az738 0 10 0.132
az740 0 10 0.046
az741 0 10 0.057
az746 0 10 0.048
az753 0 10 0.067
az761 0 10 0.032
az763 0 10 0.052
az764 0 10 0.051
az772 0 10 0.066
az778 0 10 0.074
az781 0 10 0.057
az789 0 10 0.042
az791 0 10 0.003
az793 0 10 0.041
az805 0 10 0.037
az806 0 10 0.045
az810 0 10 0.091
az811 0 10 0.030
az812 0 10 0.000
az816 0 10 0.029
az819 0 10 0.024
az821 0 10 0.022
az822 0 10 0.036
az823 0 10 0.029
az824 0 10 0.029
az832 0 10 0.100
az836 0 10 0.016
az840 0 10 0.000
az843 0 10 0.079
az844 0 10 0.044
az845 0 10 0.087
az849 0 10 0.214
az851 0 10 0.058
az852 0 10 0.077
az853 0 10 0.157
az854 0 10 0.015
az856 0 10 0.044
az857 0 10 0.083
az859 0 10 0.037
az862 0 10 0.077
az864 0 10 0.049
az866 0 10 0.029
az867 0 10 0.101
az869 0 10 0.009
az871 0 10 0.012
az874 0 10 0.046
az875 0 10 0.022
az878 0 10 0.027
az879 0 10 0.017
az880 0 10 0.026
az881 0 10 0.046
az882 0 10 0.098
az884 0 10 0.075
az885 0 10 0.079
az886 0 10 0.039
az887 0 10 0.086
az888 0 10 0.042
az892 0 10 0.019
az893 0 10 0.047
az895 0 10 0.061
az896 0 10 0.067
az897 0 10 0.110
az899 0 10 0.027
az900 0 10 0.060
az901 0 10 0.066
az904 0 10 0.028
az905 0 10 0.025
az906 0 10 0.057
az907 0 10 0.000
az908 0 10 0.050
az909 0 10 0.075
az910 0 10 0.130
az913 0 10 0.022
az917 0 10 0.030
az918 0 10 0.171
az920 0 10 0.032
az921 0 10 0.058
az922 0 10 0.073
az927 0 10 0.152
az929 0 10 0.035
az930 0 10 0.024
az931 0 10 0.016
az937 0 10 0.050
az939 0 10 0.103
az941 0 10 0.044
az943 0 10 0.091
az944 0 10 0.048
az947 0 10 0.096
az948 0 10 0.043
az949 0 10 0.023
az950 0 10 0.155
az951 0 10 0.006
az955 0 10 0.028
az956 0 10 0.135
az957 0 10 0.034
az960 0 10 0.012
az961 0 10 0.003
az963 0 10 0.000
az975 0 10 0.097
az976 0 10 0.059
az977 0 10 0.026
az978 0 10 0.009
az979 0 10 0.000
az982 0 10 0.005
az983 0 10 0.000
az985 0 10 0.095
az996 0 10 0.063
az999 0 10 0.041
az1002 0 10 0.041
az1003 0 10 0.047
az1011 0 10 0.014
az1012 0 10 0.018
az1013 0 10 0.078
az1014 0 10 0.041
az1016 0 10 0.022
az1018 0 10 0.011
az1024 0 10 0.108
az1026 0 10 0.000
az1027 0 10 0.041
az1028 0 10 0.040
az1030 0 10 0.039
az1031 0 10 0.034
az1032 0 10 0.000
az1034 0 10 0.046
az1035 0 10 0.066
az1036 0 10 0.022
az1037 0 10 0.027
az1038 0 10 0.036
az1040 0 10 0.047
az1041 0 10 0.027
az1042 0 10 0.002
az1043 0 10 0.060
az1044 0 10 0.041
az1046 0 10 0.054
az1047 0 10 0.034
az1048 0 10 0.017
az1049 0 10 0.006
az1050 0 10 0.049
az1051 0 10 0.000
az1052 0 10 0.047
az1055 0 10 0.000
az1057 0 10 0.066
az1058 0 10 0.093
az1061 0 10 0.099
az1062 0 10 0.000
az1066 0 10 0.036
az1068 0 10 0.014
az1071 0 10 0.065
az1072 0 10 0.026
az1073 0 10 0.013
az1076 0 10 0.035
az1080 0 10 0.092
az1081 0 10 0.039
az1083 0 10 0.036
az1088 0 10 0.014
az1089 0 10 0.015
az1090 0 10 0.045
az1091 0 10 0.041
az1092 0 10 0.043
az1101 0 10 0.018
az1102 0 10 0.058
az1103 0 10 0.073
az1104 0 10 0.079
az1105 0 10 0.080
az1106 0 10 0.060
az1114 0 10 0.130
az1117 0 10 0.072
az1119 0 10 0.045
az1122 0 10 0.033
az1127 0 10 0.030
az1130 0 10 0.038
az1139 0 10 0.101
az1142 0 10 0.071
az1143 0 10 0.154
az1144 0 10 0.012
az1145 0 10 0.037
az1146 0 10 0.000
az1147 0 10 0.172
az1153 0 10 0.004
az1159 0 10 0.019
az1160 0 10 0.067
az1162 0 10 0.033
az1163 0 10 0.060
az1164 0 10 0.033
az1165 0 10 0.000
az1166 0 10 0.032
az1167 0 10 0.040
az1173 0 10 0.063
az1176 0 10 0.000
az1180 0 10 0.004
az1182 0 10 0.020
az1184 0 10 0.020
az1188 0 10 0.038
az1191 0 10 0.000
az1203 0 10 0.050
az1205 0 10 0.020
az1206 0 10 0.014
az1211 0 10 0.009
az1219 0 10 0.000
az1222 0 10 0.030
az1223 0 10 0.051
az1225 0 10 0.072
az1228 0 10 0.093
az1232 0 10 0.014
az1238 0 10 0.068
az1242 0 10 0.006
az1244 0 10 0.065
az1246 0 10 0.019
az1250 0 10 0.011
az1252 0 10 0.083
az1253 0 10 0.019
az1255 0 10 0.000
az1260 0 10 0.011
az1264 0 10 0.050
az1267 0 10 0.013
az1272 0 10 0.013
az1275 0 10 0.000
az1276 0 10 0.020
az1280 0 10 0.077
az1284 0 10 0.070
az1287 0 10 0.028
az1288 0 10 0.059
az1290 0 10 0.036
az1292 0 10 0.136
az1293 0 10 0.043
az1295 0 10 0.000
az1296 0 10 0.024
az1300 0 10 0.000
az1304 0 10 0.054
az1306 0 10 0.000
az1307 0 10 0.100
az1308 0 10 0.108
az1309 0 10 0.182
az1310 0 10 0.021
az1311 0 10 0.018
az1312 0 10 0.060
az1314 0 10 0.114
az1315 0 10 0.087
az1317 0 10 0.028
az1321 0 10 0.143
az1322 0 10 0.041
az1327 0 10 0.032
az1329 0 10 0.045
az1330 0 10 0.045
az1331 0 10 0.227
az1333 0 10 0.020
az1334 0 10 0.066
az1336 0 10 0.022
az1337 0 10 0.049
az1338 0 10 0.043
az1341 0 10 0.058
az1348 0 10 0.000
az1349 0 10 0.017
az1350 0 10 0.011
az1351 0 10 0.000
az1352 0 10 0.049
az1353 0 10 0.027
az1354 0 10 0.068
az1356 0 10 0.047
az1359 0 10 0.085
az1361 0 10 0.015
az1362 0 10 0.000
az1363 0 10 0.009
az1364 0 10 0.014
az1365 0 10 0.067
az1366 0 10 0.104
az1367 0 10 0.058
az1368 0 10 0.037
az1369 0 10 0.029
az1370 0 10 0.000
az1371 0 10 0.079
az1372 0 10 0.008
az1373 0 10 0.031
az1374 0 10 0.000
az1375 0 10 0.000
az1378 0 10 0.016
az1379 0 10 0.023
az1381 0 10 0.032
az1383 0 10 0.000
az1388 0 10 0.030
az1390 0 10 0.027
az1391 0 10 0.000
az1396 0 10 0.006
az1397 0 10 0.017
az1399 0 10 0.024
az1401 0 10 0.015
az1402 0 10 0.007
az1403 0 10 0.024
az1414 0 10 0.065
az1415 0 10 0.000
az1418 0 10 0.117
az1419 0 10 0.020
az1421 0 10 0.185
az1422 0 10 0.021
az1424 0 10 0.000
az1426 0 10 0.000
az1428 0 10 0.033
az1432 0 10 0.109
az1433 0 10 0.068
az1434 0 10 0.013
az1435 0 10 0.009
az1437 0 10 0.033
az1438 0 10 0.042
az1439 0 10 0.022
az1440 0 10 0.086
az1442 0 10 0.068
az1444 0 10 0.000
az1450 0 10 0.107
az1451 0 10 0.003
az1452 0 10 0.016
az1453 0 10 0.038
az1454 0 10 0.002
az1456 0 10 0.015
az1458 0 10 0.034
az1459 0 10 0.105
az1461 0 10 0.108
az1462 0 10 0.009
az1463 0 10 0.118
az1464 0 10 0.000
az1466 0 10 0.049
az1467 0 10 0.093
az1468 0 10 0.038
az1469 0 10 0.070
az1470 0 10 0.000
az1471 0 10 0.005
az1476 0 10 0.060
az1479 0 10 0.143
az1481 0 10 0.037
az1483 0 10 0.000
az1485 0 10 0.013
az1486 0 10 0.028
az1488 0 10 0.019
az1489 0 10 0.000
az1491 0 10 0.021
az1492 0 10 0.081
az1493 0 10 0.069
az1496 0 10 0.041
az1500 0 10 0.009
az1501 0 10 0.064
az1504 0 10 0.000
az1505 0 10 0.056
az1509 0 10 0.000
az1510 0 10 0.027
az1511 0 10 0.025
az1514 0 10 0.065
az1515 0 10 0.058
az1516 0 10 0.074
az1517 0 10 0.003
az1518 0 10 0.018
az1519 0 10 0.020
az1521 0 10 0.008
az1522 0 10 0.025
az1525 0 10 0.057
az1527 0 10 0.071
az1529 0 10 0.064
az1535 0 10 0.000
az1538 0 10 0.027
az1541 0 10 0.038
az1542 0 10 0.040
az1545 0 10 0.136
az1547 0 10 0.026
az1549 0 10 0.000
az1550 0 10 0.044
az1553 0 10 0.038
az1554 0 10 0.022
az1555 0 10 0.074
az1556 0 10 0.000
az1567 0 10 0.026
az1570 0 10 0.120
az1581 0 10 0.000
az1583 0 10 0.111
az1584 0 10 0.027
az1585 0 10 0.000
az1587 0 10 0.043
az1589 0 10 0.042
az1590 0 10 0.000
az1591 0 10 0.045
az1592 0 10 0.033
az1594 0 10 0.041
az1603 0 10 0.092
az1604 0 10 0.000
az1606 0 10 0.000
az1607 0 10 0.014
az1608 0 10 0.074
az1610 0 10 0.054
az1611 0 10 0.064
az1612 0 10 0.061
az1613 0 10 0.050
az1614 0 10 0.095
az1616 0 10 0.072
az1617 0 10 0.064
az1618 0 10 0.017
az1619 0 10 0.074
az1620 0 10 0.025
az1621 0 10 0.060
az1622 0 10 0.048
az1623 0 10 0.067
az1624 0 10 0.055
az1625 0 10 0.103
az1626 0 10 0.058
az1627 0 10 0.059
az1629 0 10 0.055
az1630 0 10 0.096
az1631 0 10 0.000
az1632 0 10 0.064
az1633 0 10 0.070
az1634 0 10 0.011
az1635 0 10 0.097
az1638 0 10 0.074
az1639 0 10 0.056
az1640 0 10 0.096
az1641 0 10 0.048
az1642 0 10 0.152
az1643 0 10 0.148
az1645 0 10 0.075
az1647 0 10 0.020
az1649 0 10 0.087
az1650 0 10 0.074
az1651 0 10 0.046
az1652 0 10 0.130
az1653 0 10 0.100
az1654 0 10 0.067
az1655 0 10 0.057
az1656 0 10 0.064
az1657 0 10 0.053
az1658 0 10 0.041
az1659 0 10 0.076
az1661 0 10 0.081
az1663 0 10 0.003
az1664 0 10 0.036
az1665 0 10 0.105
az1668 0 10 0.174
az1670 0 10 0.000
az1671 0 10 0.000
az1672 0 10 0.030
az1674 0 10 0.068
az1675 0 10 0.000
az1676 0 10 0.000
az1679 0 10 0.000
az1681 0 10 0.037
az1682 0 10 0.125
az1688 0 10 0.143
az1689 0 10 0.097
az1690 0 10 0.057
az1691 0 10 0.060
az1692 0 10 0.056
az1693 0 10 0.094
az1696 0 10 0.032
az1698 0 10 0.000
az1699 0 10 0.083
az1701 0 10 0.141
az1714 0 10 0.150
az1717 0 10 0.000
az1718 0 10 0.103
az1719 0 10 0.016
az1720 0 10 0.095
az1721 0 10 0.077
az1723 0 10 0.051
az1724 0 10 0.024
az1727 0 10 0.091
az1728 0 10 0.087
az1729 0 10 0.000
az1730 0 10 0.042
az1731 0 10 0.000
az1732 0 10 0.034
az1733 0 10 0.063
az1734 0 10 0.102
az1735 0 10 0.023
az1736 0 10 0.000
az1737 0 10 0.062
az1738 0 10 0.029
az1739 0 10 0.022
az1741 0 10 0.032
az1742 0 10 0.000
az1743 0 10 0.051
az1744 0 10 0.121
az1745 0 10 0.076
az1746 0 10 0.065
az1747 0 10 0.167
az1749 0 10 0.083
az1750 0 10 0.059
az1751 0 10 0.077
az1752 0 10 0.066
az1753 0 10 0.083
az1754 0 10 0.021
az1755 0 10 0.054
az1757 0 10 0.015
az1758 0 10 0.062
az1759 0 10 0.061
az1760 0 10 0.000
az1761 0 10 0.075
az1763 0 10 0.051
az1764 0 10 0.046
az1765 0 10 0.000
az1766 0 10 0.097
az1768 0 10 0.037
az1769 0 10 0.064
az1770 0 10 0.115
az1771 0 10 0.046
az1772 0 10 0.000
az1773 0 10 0.000
az1774 0 10 0.017
az1775 0 10 0.090
az1776 0 10 0.000
az1777 0 10 0.095
az1778 0 10 0.041
az1779 0 10 0.085
az1780 0 10 0.148
az1781 0 10 0.071
az1782 0 10 0.079
az1783 0 10 0.068
az1784 0 10 0.081
az1786 0 10 0.055
az1787 0 10 0.049
az1788 0 10 0.000
az1789 0 10 0.107
az1792 0 10 0.171
az1793 0 10 0.013
az1796 0 10 0.035
az1798 0 10 0.088
az1799 0 10 0.036
az1800 0 10 0.031
az1801 0 10 0.062
az1802 0 10 0.062
az1803 0 10 0.063
az1804 0 10 0.079
az1805 0 10 0.100
az1806 0 10 0.068
az1807 0 10 0.044
az1818 0 10 0.009
az1819 0 10 0.053
az1820 0 10 0.079
az1821 0 10 0.051
az1822 0 10 0.082
az1824 0 10 0.000
az1825 0 10 0.047
az1826 0 10 0.038
az1828 0 10 0.000
az1829 0 10 0.064
az1830 0 10 0.100
az1831 0 10 0.020
az1832 0 10 0.047
az1834 0 10 0.013
az1835 0 10 0.036
az1836 0 10 0.129
az1837 0 10 0.026
az1838 0 10 0.019
az1839 0 10 0.051
az1840 0 10 0.000
az1841 0 10 0.000
az1842 0 10 0.050
az1843 0 10 0.057
az1844 0 10 0.047
az1846 0 10 0.026
az1847 0 10 0.059
az1848 0 10 0.143
az1849 0 10 0.057
az1850 0 10 0.000
az1851 0 10 0.047
az1852 0 10 0.059
az1853 0 10 0.022
az1854 0 10 0.082
az1855 0 10 0.037
az1856 0 10 0.079
az1857 0 10 0.067
az1858 0 10 0.082
az1861 0 10 0.058
az1862 0 10 0.071
az1863 0 10 0.093
az1864 0 10 0.041
az1865 0 10 0.000
az1866 0 10 0.143
az1867 0 10 0.000
az1868 0 10 0.020
az1869 0 10 0.025
az1870 0 10 0.000
az1871 0 10 0.045
az1872 0 10 0.050
az1873 0 10 0.066
az1874 0 10 0.133
az1875 0 10 0.049
az1876 0 10 0.059
az1877 0 10 0.043
az1878 0 10 0.073
az1879 0 10 0.029
az1880 0 10 0.077
az1882 0 10 0.014
az1883 0 10 0.064
az1894 0 10 0.077
az1895 0 10 0.043
az1896 0 10 0.000
az1897 0 10 0.042
az1898 0 10 0.053
az1899 0 10 0.045
az1900 0 10 0.000
az1901 0 10 0.046
az1902 0 10 0.070
az1903 0 10 0.034
az1904 0 10 0.107
az1905 0 10 0.057
az1906 0 10 0.005
az1907 0 10 0.063
az1908 0 10 0.037
az1909 0 10 0.061
az1910 0 10 0.061
az1911 0 10 0.043
az1912 0 10 0.049
az1913 0 10 0.064
az1914 0 10 0.045
az1915 0 10 0.048
az1916 0 10 0.057
az1917 0 10 0.048
az1919 0 10 0.050
az1921 0 10 0.077
az1922 0 10 0.086
az1923 0 10 0.090
az1924 0 10 0.091
az1925 0 10 0.055
az1926 0 10 0.049
az1927 0 10 0.014
az1928 0 10 0.039
az1930 0 10 0.111
az1931 0 10 0.030
az1932 0 10 0.024
az1933 0 10 0.032
az1934 0 10 0.045
az1935 0 10 0.031
az1936 0 10 0.077
az1937 0 10 0.058
az1938 0 10 0.040
az1949 0 10 0.037
az1950 0 10 0.037
az1951 0 10 0.085
az1952 0 10 0.050
az1953 0 10 0.040
az1954 0 10 0.000
az1955 0 10 0.000
az1956 0 10 0.060
az1957 0 10 0.035
az1958 0 10 0.000
az1959 0 10 0.051
az1960 0 10 0.043
az1961 0 10 0.051
az1962 0 10 0.091
az1963 0 10 0.054
az1964 0 10 0.049
az1965 0 10 0.076
az1966 0 10 0.088
az1967 0 10 0.067
az1968 0 10 0.021
az1969 0 10 0.066
az1970 0 10 0.042
az1971 0 10 0.025
az1972 0 10 0.065
az1983 0 10 0.039
az1984 0 10 0.021
az1985 0 10 0.000
az1986 0 10 0.038
az1987 0 10 0.055
az1988 0 10 0.048
az1989 0 10 0.060
az1990 0 10 0.000
az2001 0 10 0.025
