az466 0 10 0.607
az756 0 10 0.360
az837 0 10 0.315
az916 0 10 0.349
az922 0 10 0.559
az923 0 10 0.332
az924 0 10 0.538
az926 0 10 0.402
az932 0 10 0.630
az975 0 10 0.310
az984 0 10 0.235
az985 0 10 0.333
az990 0 10 0.291
az992 0 10 0.240
az994 0 10 0.284
az998 0 10 0.210
az1004 0 10 0.475
az1005 0 10 0.284
az1017 0 10 0.333
az1018 0 10 0.397
az1019 0 10 0.260
az1059 0 10 0.438
az1074 0 10 0.250
az1093 0 10 0.473
az1095 0 10 0.295
az1113 0 10 0.218
az1115 0 10 0.478
az1120 0 10 0.194
az1121 0 10 0.321
az1122 0 10 0.301
az1123 0 10 0.446
az1148 0 10 0.441
az1152 0 10 0.215
az1154 0 10 0.457
az1158 0 10 0.532
az1173 0 10 0.454
az1183 0 10 0.428
az1184 0 10 0.559
az1202 0 10 0.117
az1203 0 10 0.158
az1204 0 10 0.179
az1207 0 10 0.188
az1208 0 10 0.141
az1209 0 10 0.177
az1221 0 10 0.217
az1224 0 10 0.109
az1225 0 10 0.196
az1226 0 10 0.177
az1229 0 10 0.248
az1231 0 10 0.120
az1234 0 10 0.165
az1266 0 10 0.454
az1267 0 10 0.188
az1268 0 10 0.409
az1269 0 10 0.305
az1276 0 10 0.307
az1277 0 10 0.056
az1282 0 10 0.406
az1283 0 10 0.451
az1284 0 10 0.298
az1285 0 10 0.416
az1286 0 10 0.378
az1290 0 10 0.292
az1299 0 10 0.237
az1301 0 10 0.362
az1302 0 10 0.226
az1303 0 10 0.238
az1312 0 10 0.158
az1317 0 10 0.333
az1318 0 10 0.116
az1319 0 10 0.084
az1320 0 10 0.330
az1321 0 10 0.286
az1323 0 10 0.448
az1329 0 10 0.546
az1332 0 10 0.295
az1336 0 10 0.324
az1339 0 10 0.406
az1340 0 10 0.280
az1342 0 10 0.108
az1343 0 10 0.237
az1352 0 10 0.314
az1353 0 10 0.416
az1354 0 10 0.397
az1355 0 10 0.228
az1356 0 10 0.229
az1357 0 10 0.226
az1358 0 10 0.179
az1371 0 10 0.103
az1376 0 10 0.242
az1422 0 10 0.263
az1425 0 10 0.040
az1427 0 10 0.046
az1437 0 10 0.269
az1438 0 10 0.385
az1439 0 10 0.390
az1440 0 10 0.101
az1444 0 10 0.329
az1445 0 10 0.183
az1446 0 10 0.031
az1447 0 10 0.164
az1448 0 10 0.135
az1455 0 10 0.235
az1464 0 10 0.458
az1465 0 10 0.113
az1466 0 10 0.382
az1469 0 10 0.469
az1473 0 10 0.300
az1475 0 10 0.176
az1477 0 10 0.239
az1480 0 10 0.267
az1486 0 10 0.199
az1487 0 10 0.281
az1492 0 10 0.077
az1497 0 10 0.471
az1499 0 10 0.075
az1500 0 10 0.137
az1501 0 10 0.226
az1502 0 10 0.142
az1503 0 10 0.142
az1505 0 10 0.328
az1506 0 10 0.142
az1507 0 10 0.174
az1508 0 10 0.143
az1509 0 10 0.633
az1510 0 10 0.097
az1515 0 10 0.117
az1516 0 10 0.095
az1525 0 10 0.117
az1526 0 10 0.307
az1527 0 10 0.095
az1529 0 10 0.082
az1531 0 10 0.358
az1532 0 10 0.115
az1536 0 10 0.220
az1538 0 10 0.228
az1540 0 10 0.134
az1543 0 10 0.365
az1544 0 10 0.246
az1546 0 10 0.193
az1548 0 10 0.056
az1552 0 10 0.272
az1553 0 10 0.178
az1554 0 10 0.422
az1555 0 10 0.289
az1556 0 10 0.318
az1557 0 10 0.187
az1558 0 10 0.488
az1563 0 10 0.249
az1565 0 10 0.217
az1582 0 10 0.175
az1586 0 10 0.161
az1592 0 10 0.102
az1594 0 10 0.214
az1595 0 10 0.146
az1596 0 10 0.051
az1598 0 10 0.206
az1599 0 10 0.191
az1603 0 10 0.065
az1605 0 10 0.095
az1606 0 10 0.160
az1607 0 10 0.402
az1609 0 10 0.298
az1610 0 10 0.070
az1611 0 10 0.062
az1616 0 10 0.109
az1617 0 10 0.087
az1619 0 10 0.061
az1621 0 10 0.099
az1622 0 10 0.078
az1623 0 10 0.152
az1624 0 10 0.055
az1625 0 10 0.080
az1626 0 10 0.104
az1627 0 10 0.091
az1628 0 10 0.078
az1629 0 10 0.112
az1632 0 10 0.105
az1633 0 10 0.114
az1638 0 10 0.078
az1639 0 10 0.069
az1644 0 10 0.046
az1645 0 10 0.195
az1646 0 10 0.243
az1647 0 10 0.199
az1648 0 10 0.076
az1649 0 10 0.522
az1650 0 10 0.332
az1651 0 10 0.327
az1652 0 10 0.391
az1653 0 10 0.050
az1656 0 10 0.081
az1657 0 10 0.125
az1659 0 10 0.084
az1660 0 10 0.095
az1662 0 10 0.140
az1663 0 10 0.218
az1665 0 10 0.088
az1666 0 10 0.184
az1667 0 10 0.243
az1669 0 10 0.042
az1671 0 10 0.000
az1672 0 10 0.136
az1673 0 10 0.108
az1679 0 10 0.209
az1682 0 10 0.167
az1683 0 10 0.157
az1684 0 10 0.195
az1685 0 10 0.154
az1686 0 10 0.081
az1698 0 10 0.087
az1700 0 10 0.244
az1701 0 10 0.191
az1702 0 10 0.302
az1715 0 10 0.122
az1716 0 10 0.184
az1717 0 10 0.119
az1719 0 10 0.145
az1721 0 10 0.116
az1723 0 10 0.243
az1737 0 10 0.156
az1739 0 10 0.011
az1740 0 10 0.128
az1742 0 10 0.101
az1743 0 10 0.103
az1745 0 10 0.088
az1746 0 10 0.113
az1747 0 10 0.167
az1748 0 10 0.187
az1749 0 10 0.125
az1750 0 10 0.235
az1752 0 10 0.060
az1754 0 10 0.170
az1755 0 10 0.072
az1756 0 10 0.000
az1757 0 10 0.194
az1758 0 10 0.112
az1759 0 10 0.112
az1760 0 10 0.175
az1761 0 10 0.175
az1762 0 10 0.167
az1763 0 10 0.073
az1764 0 10 0.088
az1765 0 10 0.450
az1766 0 10 0.065
az1767 0 10 0.250
az1768 0 10 0.078
az1769 0 10 0.106
az1771 0 10 0.069
az1774 0 10 0.017
az1775 0 10 0.146
az1776 0 10 0.205
az1777 0 10 0.100
az1778 0 10 0.098
az1779 0 10 0.101
az1782 0 10 0.055
az1783 0 10 0.148
az1785 0 10 0.158
az1786 0 10 0.050
az1787 0 10 0.072
az1788 0 10 0.160
az1789 0 10 0.036
az1790 0 10 0.170
az1791 0 10 0.350
az1792 0 10 0.200
az1793 0 10 0.142
az1795 0 10 0.074
az1796 0 10 0.158
az1797 0 10 0.231
az1798 0 10 0.140
az1799 0 10 0.088
az1800 0 10 0.125
az1801 0 10 0.173
az1802 0 10 0.097
az1803 0 10 0.171
az1804 0 10 0.083
az1805 0 10 0.025
az1806 0 10 0.083
az1807 0 10 0.131
az1818 0 10 0.038
az1819 0 10 0.106
az1820 0 10 0.123
az1821 0 10 0.081
az1822 0 10 0.082
az1823 0 10 0.231
az1825 0 10 0.062
az1826 0 10 0.115
az1828 0 10 0.097
az1832 0 10 0.095
az1836 0 10 0.086
az1839 0 10 0.189
az1842 0 10 0.093
az1843 0 10 0.118
az1844 0 10 0.089
az1845 0 10 0.257
az1846 0 10 0.205
az1847 0 10 0.148
az1851 0 10 0.081
az1852 0 10 0.093
az1853 0 10 0.133
az1857 0 10 0.077
az1858 0 10 0.104
az1860 0 10 0.025
az1861 0 10 0.115
az1862 0 10 0.158
az1864 0 10 0.103
az1865 0 10 0.075
az1868 0 10 0.085
az1869 0 10 0.176
az1870 0 10 0.132
az1871 0 10 0.180
az1872 0 10 0.053
az1873 0 10 0.133
az1874 0 10 0.167
az1875 0 10 0.080
az1876 0 10 0.103
az1877 0 10 0.145
az1878 0 10 0.091
az1879 0 10 0.058
az1880 0 10 0.051
az1883 0 10 0.085
az1894 0 10 0.038
az1895 0 10 0.174
az1896 0 10 0.054
az1897 0 10 0.137
az1898 0 10 0.114
az1900 0 10 0.188
az1901 0 10 0.072
az1902 0 10 0.073
az1903 0 10 0.124
az1905 0 10 0.100
az1906 0 10 0.138
az1907 0 10 0.090
az1908 0 10 0.071
az1909 0 10 0.071
az1910 0 10 0.121
az1911 0 10 0.170
az1912 0 10 0.146
az1914 0 10 0.091
az1916 0 10 0.082
az1917 0 10 0.058
az1918 0 10 0.069
az1919 0 10 0.097
az1920 0 10 0.104
az1921 0 10 0.071
az1922 0 10 0.086
az1923 0 10 0.135
az1924 0 10 0.136
az1925 0 10 0.161
az1926 0 10 0.293
az1927 0 10 0.125
az1928 0 10 0.109
az1929 0 10 0.194
az1930 0 10 0.148
az1931 0 10 0.086
az1932 0 10 0.148
az1933 0 10 0.063
az1934 0 10 0.086
az1935 0 10 0.165
az1936 0 10 0.097
az1937 0 10 0.046
az1938 0 10 0.087
az1949 0 10 0.069
az1950 0 10 0.068
az1952 0 10 0.070
az1953 0 10 0.142
az1954 0 10 0.069
az1955 0 10 0.152
az1956 0 10 0.053
az1957 0 10 0.108
az1958 0 10 0.200
az1959 0 10 0.059
az1960 0 10 0.095
az1961 0 10 0.101
az1962 0 10 0.128
az1963 0 10 0.115
az1964 0 10 0.111
az1965 0 10 0.086
az1966 0 10 0.206
az1967 0 10 0.085
az1968 0 10 0.109
az1969 0 10 0.075
az1970 0 10 0.095
az1971 0 10 0.125
az1972 0 10 0.152
az1983 0 10 0.064
az1984 0 10 0.074
az1985 0 10 0.095
az1986 0 10 0.118
az1987 0 10 0.096
az1988 0 10 0.075
az1989 0 10 0.087
az1990 0 10 0.195
az2001 0 10 0.065
