az124 0 10 0.846
az200 0 10 0.462
az270 0 10 0.460
az314 0 10 0.293
az333 0 10 0.298
az346 0 10 0.410
az393 0 10 0.390
az398 0 10 0.333
az400 0 10 0.402
az402 0 10 0.763
az404 0 10 0.475
az406 0 10 0.379
az410 0 10 0.482
az417 0 10 0.530
az418 0 10 0.307
az425 0 10 0.348
az439 0 10 0.792
az441 0 10 0.843
az445 0 10 0.403
az447 0 10 0.411
az448 0 10 0.773
az453 0 10 0.751
az465 0 10 0.310
az468 0 10 0.469
az469 0 10 0.158
az471 0 10 0.357
az472 0 10 0.338
az474 0 10 0.259
az475 0 10 0.156
az476 0 10 0.194
az477 0 10 0.465
az480 0 10 0.407
az482 0 10 0.768
az485 0 10 0.236
az488 0 10 0.691
az489 0 10 0.315
az491 0 10 0.722
az492 0 10 0.163
az496 0 10 0.393
az499 0 10 0.363
az503 0 10 0.113
az524 0 10 0.455
az548 0 10 0.145
az550 0 10 0.386
az551 0 10 0.505
az553 0 10 0.261
az554 0 10 0.494
az555 0 10 0.286
az556 0 10 0.150
az557 0 10 0.298
az559 0 10 0.758
az560 0 10 0.373
az561 0 10 0.509
az562 0 10 0.296
az563 0 10 0.420
az564 0 10 0.210
az570 0 10 0.433
az573 0 10 0.319
az574 0 10 0.730
az575 0 10 0.486
az576 0 10 0.324
az583 0 10 0.398
az584 0 10 0.435
az586 0 10 0.658
az587 0 10 0.791
az588 0 10 0.259
az593 0 10 0.387
az594 0 10 0.547
az596 0 10 0.239
az597 0 10 0.249
az598 0 10 0.498
az599 0 10 0.508
az600 0 10 0.395
az601 0 10 0.250
az604 0 10 0.169
az606 0 10 0.133
az608 0 10 0.321
az611 0 10 0.171
az637 0 10 0.195
az638 0 10 0.245
az640 0 10 0.259
az642 0 10 0.300
az643 0 10 0.342
az651 0 10 0.703
az658 0 10 0.220
az659 0 10 0.147
az660 0 10 0.686
az662 0 10 0.231
az663 0 10 0.139
az664 0 10 0.424
az666 0 10 0.308
az667 0 10 0.340
az673 0 10 0.363
az676 0 10 0.322
az678 0 10 0.402
az680 0 10 0.774
az686 0 10 0.298
az688 0 10 0.230
az690 0 10 0.424
az692 0 10 0.723
az697 0 10 0.153
az709 0 10 0.483
az724 0 10 0.222
az728 0 10 0.278
az729 0 10 0.145
az732 0 10 0.147
az736 0 10 0.122
az737 0 10 0.187
az741 0 10 0.135
az746 0 10 0.224
az752 0 10 0.318
az753 0 10 0.289
az761 0 10 0.242
az763 0 10 0.146
az791 0 10 0.033
az792 0 10 0.166
az793 0 10 0.200
az809 0 10 0.200
az810 0 10 0.409
az811 0 10 0.221
az812 0 10 0.289
az813 0 10 0.307
az814 0 10 0.241
az815 0 10 0.038
az816 0 10 0.398
az817 0 10 0.183
az819 0 10 0.115
az821 0 10 0.044
az822 0 10 0.211
az823 0 10 0.133
az824 0 10 0.149
az843 0 10 0.313
az844 0 10 0.161
az845 0 10 0.000
az849 0 10 0.024
az851 0 10 0.426
az852 0 10 0.308
az853 0 10 0.668
az854 0 10 0.353
az855 0 10 0.329
az856 0 10 0.200
az857 0 10 0.284
az858 0 10 0.417
az859 0 10 0.281
az861 0 10 0.341
az862 0 10 0.212
az863 0 10 0.247
az864 0 10 0.299
az865 0 10 0.383
az866 0 10 0.293
az867 0 10 0.754
az869 0 10 0.205
az871 0 10 0.084
az872 0 10 0.356
az873 0 10 0.282
az874 0 10 0.334
az875 0 10 0.465
az876 0 10 0.260
az878 0 10 0.360
az879 0 10 0.306
az880 0 10 0.282
az881 0 10 0.322
az882 0 10 0.282
az883 0 10 0.270
az884 0 10 0.566
az885 0 10 0.237
az886 0 10 0.265
az887 0 10 0.781
az888 0 10 0.750
az889 0 10 0.384
az890 0 10 0.137
az891 0 10 0.326
az892 0 10 0.472
az893 0 10 0.400
az894 0 10 0.312
az895 0 10 0.270
az896 0 10 0.365
az897 0 10 0.601
az898 0 10 0.223
az899 0 10 0.292
az900 0 10 0.239
az901 0 10 0.391
az904 0 10 0.251
az905 0 10 0.210
az906 0 10 0.201
az907 0 10 0.043
az909 0 10 0.340
az910 0 10 0.652
az911 0 10 0.192
az913 0 10 0.148
az915 0 10 0.300
az917 0 10 0.384
az918 0 10 0.415
az919 0 10 0.269
az920 0 10 0.302
az921 0 10 0.312
az925 0 10 0.260
az927 0 10 0.273
az928 0 10 0.372
az929 0 10 0.413
az930 0 10 0.500
az931 0 10 0.331
az937 0 10 0.375
az939 0 10 0.248
az941 0 10 0.593
az943 0 10 0.091
az944 0 10 0.436
az947 0 10 0.252
az948 0 10 0.468
az949 0 10 0.115
az950 0 10 0.800
az951 0 10 0.136
az956 0 10 0.351
az957 0 10 0.379
az958 0 10 0.409
az960 0 10 0.390
az976 0 10 0.203
az977 0 10 0.282
az979 0 10 0.022
az980 0 10 0.156
az982 0 10 0.065
az983 0 10 0.333
az987 0 10 0.273
az989 0 10 0.165
az993 0 10 0.176
az995 0 10 0.255
az996 0 10 0.187
az997 0 10 0.125
az999 0 10 0.246
az1001 0 10 0.077
az1002 0 10 0.259
az1003 0 10 0.364
az1006 0 10 0.225
az1007 0 10 0.173
az1008 0 10 0.197
az1009 0 10 0.140
az1010 0 10 0.206
az1011 0 10 0.027
az1012 0 10 0.086
az1013 0 10 0.071
az1016 0 10 0.209
az1023 0 10 0.247
az1024 0 10 0.108
az1025 0 10 0.261
az1026 0 10 0.170
az1027 0 10 0.496
az1028 0 10 0.526
az1029 0 10 0.259
az1030 0 10 0.115
az1031 0 10 0.000
az1032 0 10 0.000
az1033 0 10 0.190
az1034 0 10 0.320
az1035 0 10 0.182
az1036 0 10 0.191
az1037 0 10 0.188
az1038 0 10 0.393
az1040 0 10 0.067
az1041 0 10 0.275
az1042 0 10 0.027
az1043 0 10 0.108
az1044 0 10 0.153
az1046 0 10 0.144
az1047 0 10 0.262
az1048 0 10 0.036
az1049 0 10 0.223
az1050 0 10 0.154
az1051 0 10 0.070
az1052 0 10 0.154
az1055 0 10 0.164
az1056 0 10 0.314
az1057 0 10 0.169
az1058 0 10 0.446
az1061 0 10 0.553
az1062 0 10 0.100
az1063 0 10 0.382
az1064 0 10 0.322
az1066 0 10 0.393
az1067 0 10 0.255
az1068 0 10 0.349
az1069 0 10 0.170
az1071 0 10 0.226
az1072 0 10 0.051
az1073 0 10 0.379
az1076 0 10 0.385
az1077 0 10 0.265
az1078 0 10 0.356
az1081 0 10 0.123
az1082 0 10 0.308
az1083 0 10 0.337
az1084 0 10 0.388
az1087 0 10 0.171
az1088 0 10 0.436
az1089 0 10 0.275
az1090 0 10 0.436
az1095 0 10 0.226
az1101 0 10 0.319
az1102 0 10 0.558
az1103 0 10 0.139
az1104 0 10 0.398
az1105 0 10 0.120
az1106 0 10 0.200
az1114 0 10 0.134
az1117 0 10 0.181
az1119 0 10 0.182
az1127 0 10 0.172
az1140 0 10 0.200
az1142 0 10 0.371
az1146 0 10 0.094
az1147 0 10 0.172
az1149 0 10 0.097
az1156 0 10 0.215
az1159 0 10 0.226
az1160 0 10 0.225
az1161 0 10 0.171
az1162 0 10 0.136
az1163 0 10 0.233
az1164 0 10 0.256
az1165 0 10 0.042
az1166 0 10 0.313
az1167 0 10 0.336
az1169 0 10 0.105
az1170 0 10 0.265
az1173 0 10 0.234
az1176 0 10 0.014
az1177 0 10 0.294
az1179 0 10 0.312
az1180 0 10 0.449
az1181 0 10 0.391
az1182 0 10 0.476
az1186 0 10 0.333
az1188 0 10 0.365
az1190 0 10 0.399
az1191 0 10 0.379
az1205 0 10 0.347
az1206 0 10 0.341
az1210 0 10 0.154
az1211 0 10 0.022
az1212 0 10 0.042
az1216 0 10 0.117
az1219 0 10 0.459
az1220 0 10 0.222
az1223 0 10 0.462
az1228 0 10 0.207
az1232 0 10 0.272
az1233 0 10 0.237
az1237 0 10 0.334
az1240 0 10 0.240
az1246 0 10 0.025
az1247 0 10 0.185
az1251 0 10 0.305
az1252 0 10 0.250
az1253 0 10 0.162
az1260 0 10 0.000
az1272 0 10 0.311
az1274 0 10 0.113
az1275 0 10 0.139
az1276 0 10 0.087
az1277 0 10 0.374
az1280 0 10 0.212
az1287 0 10 0.196
az1288 0 10 0.147
az1289 0 10 0.374
az1291 0 10 0.229
az1292 0 10 0.136
az1293 0 10 0.170
az1294 0 10 0.227
az1295 0 10 0.403
az1296 0 10 0.547
az1297 0 10 0.255
az1298 0 10 0.155
az1300 0 10 0.383
az1304 0 10 0.137
az1305 0 10 0.117
az1306 0 10 0.241
az1307 0 10 0.133
az1308 0 10 0.000
az1309 0 10 0.030
az1310 0 10 0.268
az1311 0 10 0.211
az1313 0 10 0.173
az1314 0 10 0.318
az1315 0 10 0.079
az1316 0 10 0.112
az1322 0 10 0.078
az1324 0 10 0.321
az1325 0 10 0.119
az1326 0 10 0.329
az1327 0 10 0.203
az1328 0 10 0.391
az1329 0 10 0.086
az1330 0 10 0.036
az1331 0 10 0.045
az1332 0 10 0.224
az1333 0 10 0.065
az1334 0 10 0.210
az1335 0 10 0.176
az1336 0 10 0.047
az1337 0 10 0.222
az1338 0 10 0.095
az1341 0 10 0.187
az1344 0 10 0.075
az1345 0 10 0.292
az1346 0 10 0.470
az1347 0 10 0.097
az1348 0 10 0.000
az1349 0 10 0.329
az1350 0 10 0.067
az1351 0 10 0.377
az1352 0 10 0.152
az1353 0 10 0.122
az1354 0 10 0.181
az1355 0 10 0.149
az1356 0 10 0.236
az1357 0 10 0.138
az1358 0 10 0.071
az1359 0 10 0.195
az1360 0 10 0.212
az1361 0 10 0.087
az1362 0 10 0.091
az1363 0 10 0.336
az1364 0 10 0.123
az1365 0 10 0.000
az1366 0 10 0.229
az1367 0 10 0.136
az1368 0 10 0.129
az1370 0 10 0.111
az1372 0 10 0.000
az1373 0 10 0.165
az1374 0 10 0.050
az1375 0 10 0.019
az1377 0 10 0.256
az1378 0 10 0.120
az1379 0 10 0.011
az1380 0 10 0.051
az1381 0 10 0.065
az1383 0 10 0.500
az1385 0 10 0.159
az1386 0 10 0.137
az1387 0 10 0.187
az1388 0 10 0.000
az1389 0 10 0.244
az1390 0 10 0.278
az1392 0 10 0.096
az1393 0 10 0.321
az1394 0 10 0.348
az1395 0 10 0.083
az1396 0 10 0.161
az1397 0 10 0.031
az1398 0 10 0.157
az1399 0 10 0.383
az1401 0 10 0.121
az1402 0 10 0.008
az1403 0 10 0.028
az1414 0 10 0.000
az1415 0 10 0.000
az1417 0 10 0.207
az1418 0 10 0.063
az1419 0 10 0.360
az1420 0 10 0.045
az1421 0 10 0.037
az1422 0 10 0.224
az1424 0 10 0.048
az1425 0 10 0.144
az1426 0 10 0.077
az1427 0 10 0.329
az1428 0 10 0.033
az1429 0 10 0.108
az1432 0 10 0.326
az1433 0 10 0.068
az1434 0 10 0.148
az1435 0 10 0.175
az1436 0 10 0.142
az1437 0 10 0.205
az1438 0 10 0.202
az1439 0 10 0.075
az1441 0 10 0.303
az1442 0 10 0.231
az1443 0 10 0.182
az1449 0 10 0.089
az1451 0 10 0.048
az1452 0 10 0.075
az1453 0 10 0.096
az1454 0 10 0.242
az1456 0 10 0.076
az1457 0 10 0.257
az1458 0 10 0.255
az1459 0 10 0.029
az1460 0 10 0.204
az1461 0 10 0.190
az1462 0 10 0.102
az1463 0 10 0.265
az1464 0 10 0.125
az1465 0 10 0.164
az1466 0 10 0.160
az1468 0 10 0.154
az1469 0 10 0.164
az1470 0 10 0.227
az1471 0 10 0.033
az1472 0 10 0.074
az1473 0 10 0.000
az1475 0 10 0.182
az1476 0 10 0.150
az1477 0 10 0.187
az1478 0 10 0.125
az1479 0 10 0.095
az1480 0 10 0.225
az1481 0 10 0.208
az1482 0 10 0.030
az1483 0 10 0.006
az1484 0 10 0.261
az1485 0 10 0.109
az1486 0 10 0.041
az1487 0 10 0.020
az1488 0 10 0.264
az1489 0 10 0.016
az1490 0 10 0.277
az1491 0 10 0.128
az1493 0 10 0.087
az1494 0 10 0.222
az1495 0 10 0.211
az1496 0 10 0.038
az1499 0 10 0.252
az1501 0 10 0.203
az1504 0 10 0.000
az1509 0 10 0.100
az1511 0 10 0.129
az1512 0 10 0.085
az1513 0 10 0.107
az1514 0 10 0.204
az1516 0 10 0.136
az1517 0 10 0.006
az1518 0 10 0.247
az1519 0 10 0.043
az1520 0 10 0.121
az1521 0 10 0.136
az1522 0 10 0.076
az1523 0 10 0.110
az1526 0 10 0.193
az1528 0 10 0.176
az1530 0 10 0.150
az1533 0 10 0.142
az1535 0 10 0.364
az1536 0 10 0.143
az1537 0 10 0.182
az1538 0 10 0.102
az1539 0 10 0.000
az1540 0 10 0.016
az1541 0 10 0.155
az1542 0 10 0.167
az1545 0 10 0.227
az1547 0 10 0.289
az1549 0 10 0.400
az1550 0 10 0.231
az1551 0 10 0.095
az1553 0 10 0.185
az1554 0 10 0.044
az1555 0 10 0.118
az1556 0 10 0.045
az1560 0 10 0.198
az1564 0 10 0.201
az1567 0 10 0.184
az1570 0 10 0.040
az1581 0 10 0.030
az1583 0 10 0.111
az1584 0 10 0.149
az1585 0 10 0.143
az1587 0 10 0.022
az1589 0 10 0.375
az1590 0 10 0.138
az1591 0 10 0.273
az1592 0 10 0.198
az1593 0 10 0.284
az1594 0 10 0.101
az1596 0 10 0.051
az1597 0 10 0.050
az1598 0 10 0.048
az1599 0 10 0.117
az1600 0 10 0.071
az1602 0 10 0.123
az1603 0 10 0.092
az1604 0 10 0.171
az1605 0 10 0.198
az1606 0 10 0.200
az1607 0 10 0.010
az1608 0 10 0.148
az1612 0 10 0.030
az1613 0 10 0.200
az1614 0 10 0.286
az1615 0 10 0.115
az1616 0 10 0.085
az1618 0 10 0.085
az1619 0 10 0.127
az1620 0 10 0.025
az1623 0 10 0.031
az1624 0 10 0.193
az1625 0 10 0.124
az1628 0 10 0.062
az1630 0 10 0.077
az1631 0 10 0.190
az1634 0 10 0.034
az1635 0 10 0.161
az1636 0 10 0.115
az1637 0 10 0.033
az1640 0 10 0.077
az1641 0 10 0.048
az1642 0 10 0.102
az1643 0 10 0.111
az1644 0 10 0.258
az1645 0 10 0.049
az1646 0 10 0.171
az1647 0 10 0.318
az1648 0 10 0.203
az1649 0 10 0.000
az1650 0 10 0.152
az1651 0 10 0.089
az1652 0 10 0.087
az1653 0 10 0.200
az1654 0 10 0.133
az1655 0 10 0.371
az1658 0 10 0.111
az1664 0 10 0.107
az1668 0 10 0.065
az1669 0 10 0.083
az1670 0 10 0.178
az1671 0 10 0.214
az1672 0 10 0.150
az1673 0 10 0.083
az1674 0 10 0.182
az1675 0 10 0.350
az1676 0 10 0.100
az1677 0 10 0.185
az1678 0 10 0.174
az1679 0 10 0.060
az1680 0 10 0.045
az1681 0 10 0.037
az1682 0 10 0.292
az1688 0 10 0.029
az1689 0 10 0.065
az1690 0 10 0.029
az1691 0 10 0.103
az1692 0 10 0.080
az1693 0 10 0.156
az1694 0 10 0.027
az1695 0 10 0.242
az1696 0 10 0.049
az1697 0 10 0.103
az1698 0 10 0.348
az1699 0 10 0.250
az1701 0 10 0.172
az1714 0 10 0.100
az1716 0 10 0.032
az1717 0 10 0.030
az1718 0 10 0.034
az1719 0 10 0.032
az1720 0 10 0.190
az1721 0 10 0.029
az1722 0 10 0.025
az1723 0 10 0.155
az1724 0 10 0.219
az1725 0 10 0.183
az1726 0 10 0.038
az1727 0 10 0.091
az1728 0 10 0.087
az1729 0 10 0.125
az1730 0 10 0.111
az1731 0 10 0.067
az1732 0 10 0.086
az1733 0 10 0.104
az1734 0 10 0.110
az1735 0 10 0.152
az1736 0 10 0.171
az1738 0 10 0.184
az1739 0 10 0.326
az1740 0 10 0.000
az1741 0 10 0.000
az1742 0 10 0.101
az1744 0 10 0.030
az1746 0 10 0.032
az1747 0 10 0.130
az1748 0 10 0.128
az1749 0 10 0.292
az1750 0 10 0.165
az1751 0 10 0.103
az1752 0 10 0.053
az1753 0 10 0.056
az1754 0 10 0.128
az1756 0 10 0.371
az1757 0 10 0.141
az1760 0 10 0.000
az1763 0 10 0.127
az1764 0 10 0.117
az1765 0 10 0.000
az1766 0 10 0.129
az1769 0 10 0.071
az1772 0 10 0.176
az1773 0 10 0.045
az1774 0 10 0.095
az1775 0 10 0.115
az1779 0 10 0.053
az1780 0 10 0.037
az1781 0 10 0.071
az1782 0 10 0.023
az1783 0 10 0.068
az1784 0 10 0.128
az1788 0 10 0.080
az1796 0 10 0.193
az1797 0 10 0.154
az1803 0 10 0.216
az1806 0 10 0.068
az1820 0 10 0.060
az1821 0 10 0.098
az1824 0 10 0.208
az1825 0 10 0.120
az1826 0 10 0.192
az1827 0 10 0.067
az1828 0 10 0.129
az1829 0 10 0.106
az1830 0 10 0.033
az1831 0 10 0.000
az1833 0 10 0.122
az1834 0 10 0.118
az1835 0 10 0.054
az1837 0 10 0.103
az1838 0 10 0.170
az1840 0 10 0.087
az1841 0 10 0.057
az1842 0 10 0.067
az1843 0 10 0.090
az1844 0 10 0.059
az1845 0 10 0.180
az1846 0 10 0.051
az1847 0 10 0.108
az1848 0 10 0.107
az1849 0 10 0.123
az1850 0 10 0.094
az1851 0 10 0.129
az1852 0 10 0.055
az1855 0 10 0.086
az1856 0 10 0.105
az1859 0 10 0.097
az1862 0 10 0.131
az1863 0 10 0.023
az1864 0 10 0.066
az1865 0 10 0.200
az1866 0 10 0.000
az1867 0 10 0.048
az1868 0 10 0.050
az1869 0 10 0.041
az1870 0 10 0.053
az1871 0 10 0.081
az1874 0 10 0.167
az1875 0 10 0.074
az1876 0 10 0.037
az1877 0 10 0.116
az1882 0 10 0.122
az1894 0 10 0.115
az1895 0 10 0.000
az1896 0 10 0.039
az1897 0 10 0.091
az1898 0 10 0.078
az1899 0 10 0.136
az1900 0 10 0.031
az1901 0 10 0.088
az1902 0 10 0.152
az1903 0 10 0.046
az1904 0 10 0.036
az1905 0 10 0.029
az1906 0 10 0.085
az1910 0 10 0.182
az1912 0 10 0.073
az1913 0 10 0.064
az1914 0 10 0.227
az1915 0 10 0.056
az1916 0 10 0.051
az1918 0 10 0.068
az1922 0 10 0.029
az1926 0 10 0.073
az1928 0 10 0.076
az1930 0 10 0.037
az1931 0 10 0.085
az1932 0 10 0.101
az1933 0 10 0.117
az1934 0 10 0.050
az1935 0 10 0.096
az1936 0 10 0.077
az1937 0 10 0.071
az1938 0 10 0.052
az1949 0 10 0.094
az1951 0 10 0.021
az1952 0 10 0.097
az1953 0 10 0.123
az1954 0 10 0.138
az1956 0 10 0.082
az1957 0 10 0.112
az1958 0 10 0.000
az1959 0 10 0.056
az1960 0 10 0.075
az1961 0 10 0.063
az1962 0 10 0.074
az1964 0 10 0.052
az1966 0 10 0.206
az1967 0 10 0.043
az1968 0 10 0.025
az1970 0 10 0.080
az1971 0 10 0.075
az1972 0 10 0.000
az1983 0 10 0.063
az1984 0 10 0.051
az1985 0 10 0.000
az1986 0 10 0.051
az1987 0 10 0.066
az1988 0 10 0.067
az1990 0 10 0.098
az2001 0 10 0.109
