az19 0 10 1.000
az37 0 10 0.857
az48 0 10 0.093
az59 0 10 0.133
az60 0 10 0.022
az61 0 10 0.037
az73 0 10 0.893
az74 0 10 0.151
az89 0 10 0.062
az90 0 10 0.098
az92 0 10 0.043
az96 0 10 0.000
az100 0 10 0.132
az103 0 10 0.100
az107 0 10 0.050
az108 0 10 0.035
az113 0 10 0.146
az116 0 10 0.426
az131 0 10 0.045
az135 0 10 0.025
az140 0 10 0.054
az141 0 10 0.020
az148 0 10 0.015
az149 0 10 0.009
az151 0 10 0.089
az157 0 10 0.030
az164 0 10 0.142
az165 0 10 0.017
az168 0 10 0.585
az172 0 10 0.123
az189 0 10 0.322
az192 0 10 0.055
az196 0 10 0.201
az198 0 10 0.053
az199 0 10 0.745
az201 0 10 0.017
az202 0 10 0.051
az208 0 10 0.016
az211 0 10 0.141
az214 0 10 0.055
az215 0 10 0.008
az216 0 10 0.778
az218 0 10 0.200
az219 0 10 0.406
az220 0 10 0.183
az225 0 10 0.030
az226 0 10 0.322
az230 0 10 0.627
az245 0 10 0.174
az255 0 10 0.026
az257 0 10 0.100
az260 0 10 0.049
az262 0 10 0.185
az265 0 10 0.000
az271 0 10 0.099
az280 0 10 0.015
az284 0 10 0.708
az286 0 10 0.042
az290 0 10 0.066
az292 0 10 0.000
az293 0 10 0.026
az295 0 10 0.081
az299 0 10 0.016
az307 0 10 0.004
az309 0 10 0.031
az310 0 10 0.215
az319 0 10 0.500
az323 0 10 0.009
az330 0 10 0.025
az337 0 10 0.410
az338 0 10 0.250
az339 0 10 0.066
az340 0 10 0.250
az341 0 10 0.113
az342 0 10 0.049
az345 0 10 0.104
az348 0 10 0.132
az356 0 10 0.023
az359 0 10 0.139
az365 0 10 0.033
az366 0 10 0.085
az367 0 10 0.030
az368 0 10 0.010
az376 0 10 0.137
az380 0 10 0.019
az382 0 10 0.000
az383 0 10 0.080
az390 0 10 0.054
az395 0 10 0.083
az399 0 10 0.111
az403 0 10 0.008
az408 0 10 0.128
az412 0 10 0.000
az413 0 10 0.077
az417 0 10 0.020
az423 0 10 0.075
az436 0 10 0.005
az440 0 10 0.030
az441 0 10 0.047
az446 0 10 0.007
az447 0 10 0.124
az449 0 10 0.088
az450 0 10 0.304
az454 0 10 0.048
az466 0 10 0.128
az473 0 10 0.039
az474 0 10 0.079
az478 0 10 0.059
az479 0 10 0.160
az480 0 10 0.113
az482 0 10 0.040
az483 0 10 0.054
az494 0 10 0.051
az495 0 10 0.081
az500 0 10 0.000
az501 0 10 0.030
az502 0 10 0.074
az505 0 10 0.019
az506 0 10 0.100
az507 0 10 0.049
az510 0 10 0.174
az515 0 10 0.034
az518 0 10 0.342
az519 0 10 0.034
az522 0 10 0.006
az524 0 10 0.013
az528 0 10 0.222
az531 0 10 0.118
az533 0 10 0.054
az537 0 10 0.130
az538 0 10 0.004
az539 0 10 0.125
az541 0 10 0.035
az542 0 10 0.012
az547 0 10 0.041
az550 0 10 0.163
az552 0 10 0.020
az553 0 10 0.069
az554 0 10 0.094
az555 0 10 0.060
az559 0 10 0.106
az562 0 10 0.019
az563 0 10 0.020
az574 0 10 0.057
az583 0 10 0.133
az585 0 10 0.003
az587 0 10 0.060
az589 0 10 0.041
az590 0 10 0.043
az592 0 10 0.106
az594 0 10 0.040
az598 0 10 0.024
az611 0 10 0.020
az612 0 10 0.017
az613 0 10 0.083
az617 0 10 0.100
az621 0 10 0.073
az625 0 10 0.043
az626 0 10 0.030
az629 0 10 0.039
az631 0 10 0.045
az632 0 10 0.119
az635 0 10 0.011
az639 0 10 0.109
az648 0 10 0.233
az653 0 10 0.029
az661 0 10 0.136
az662 0 10 0.082
az669 0 10 0.000
az671 0 10 0.033
az677 0 10 0.135
az689 0 10 0.321
az690 0 10 0.120
az693 0 10 0.000
az695 0 10 0.100
az696 0 10 0.000
az703 0 10 0.090
az704 0 10 0.015
az707 0 10 0.044
az709 0 10 0.020
az724 0 10 0.059
az727 0 10 0.333
az733 0 10 0.041
az734 0 10 0.050
az744 0 10 0.018
az749 0 10 0.017
az750 0 10 0.030
az751 0 10 0.081
az752 0 10 0.077
az754 0 10 0.000
az756 0 10 0.079
az759 0 10 0.017
az764 0 10 0.021
az770 0 10 0.019
az777 0 10 0.014
az784 0 10 0.019
az787 0 10 0.039
az790 0 10 0.026
az792 0 10 0.049
az796 0 10 0.034
az799 0 10 0.000
az800 0 10 0.009
az803 0 10 0.041
az807 0 10 0.048
az808 0 10 0.017
az809 0 10 0.060
az813 0 10 0.094
az814 0 10 0.076
az815 0 10 0.000
az816 0 10 0.062
az817 0 10 0.047
az820 0 10 0.051
az822 0 10 0.028
az828 0 10 0.035
az833 0 10 0.051
az837 0 10 0.068
az846 0 10 0.055
az851 0 10 0.165
az854 0 10 0.030
az855 0 10 0.103
az858 0 10 0.106
az861 0 10 0.250
az862 0 10 0.038
az863 0 10 0.084
az864 0 10 0.026
az865 0 10 0.164
az868 0 10 0.012
az870 0 10 0.041
az872 0 10 0.157
az873 0 10 0.113
az874 0 10 0.077
az875 0 10 0.097
az876 0 10 0.117
az878 0 10 0.000
az879 0 10 0.066
az883 0 10 0.090
az887 0 10 0.061
az889 0 10 0.104
az890 0 10 0.028
az891 0 10 0.093
az892 0 10 0.094
az894 0 10 0.058
az897 0 10 0.117
az898 0 10 0.085
az899 0 10 0.069
az902 0 10 0.065
az903 0 10 0.014
az910 0 10 0.043
az911 0 10 0.046
az914 0 10 0.250
az915 0 10 0.103
az916 0 10 0.072
az917 0 10 0.066
az919 0 10 0.080
az922 0 10 0.115
az923 0 10 0.067
az924 0 10 0.160
az925 0 10 0.047
az926 0 10 0.124
az928 0 10 0.188
az930 0 10 0.101
az932 0 10 0.095
az935 0 10 0.125
az937 0 10 0.075
az940 0 10 0.040
az942 0 10 0.010
az943 0 10 0.500
az946 0 10 0.070
az947 0 10 0.015
az948 0 10 0.000
az951 0 10 0.014
az952 0 10 0.125
az954 0 10 0.125
az956 0 10 0.027
az958 0 10 0.151
az975 0 10 0.119
az979 0 10 0.022
az980 0 10 0.051
az981 0 10 0.062
az983 0 10 0.114
az984 0 10 0.117
az985 0 10 0.048
az986 0 10 0.013
az987 0 10 0.073
az988 0 10 0.000
az989 0 10 0.066
az990 0 10 0.079
az992 0 10 0.070
az993 0 10 0.046
az994 0 10 0.078
az995 0 10 0.036
az997 0 10 0.035
az998 0 10 0.049
az1001 0 10 0.051
az1002 0 10 0.040
az1004 0 10 0.088
az1005 0 10 0.052
az1006 0 10 0.086
az1007 0 10 0.037
az1008 0 10 0.049
az1009 0 10 0.052
az1010 0 10 0.055
az1016 0 10 0.044
az1017 0 10 0.053
az1018 0 10 0.044
az1019 0 10 0.048
az1023 0 10 0.091
az1025 0 10 0.143
az1027 0 10 0.095
az1029 0 10 0.037
az1031 0 10 0.138
az1033 0 10 0.081
az1034 0 10 0.070
az1036 0 10 0.039
az1037 0 10 0.027
az1038 0 10 0.071
az1041 0 10 0.107
az1049 0 10 0.076
az1050 0 10 0.017
az1051 0 10 0.053
az1052 0 10 0.006
az1053 0 10 0.010
az1056 0 10 0.228
az1059 0 10 0.067
az1061 0 10 0.142
az1063 0 10 0.091
az1064 0 10 0.089
az1067 0 10 0.095
az1068 0 10 0.044
az1069 0 10 0.068
az1070 0 10 0.105
az1072 0 10 0.051
az1073 0 10 0.087
az1074 0 10 0.103
az1075 0 10 0.015
az1076 0 10 0.080
az1077 0 10 0.093
az1078 0 10 0.139
az1082 0 10 0.096
az1084 0 10 0.122
az1086 0 10 0.025
az1087 0 10 0.058
az1088 0 10 0.052
az1089 0 10 0.072
az1093 0 10 0.125
az1095 0 10 0.120
az1098 0 10 0.021
az1099 0 10 0.014
az1100 0 10 0.063
az1101 0 10 0.004
az1104 0 10 0.094
az1108 0 10 0.031
az1109 0 10 0.000
az1110 0 10 0.021
az1113 0 10 0.037
az1115 0 10 0.067
az1118 0 10 0.018
az1120 0 10 0.000
az1121 0 10 0.069
az1122 0 10 0.105
az1123 0 10 0.120
az1124 0 10 0.008
az1127 0 10 0.000
az1130 0 10 0.151
az1132 0 10 0.033
az1135 0 10 0.118
az1136 0 10 0.045
az1138 0 10 0.020
az1139 0 10 0.056
az1140 0 10 0.100
az1141 0 10 0.014
az1148 0 10 0.120
az1149 0 10 0.129
az1152 0 10 0.043
az1154 0 10 0.099
az1156 0 10 0.071
az1157 0 10 0.000
az1158 0 10 0.132
az1159 0 10 0.132
az1160 0 10 0.155
az1161 0 10 0.041
az1162 0 10 0.005
az1165 0 10 0.292
az1169 0 10 0.044
az1170 0 10 0.055
az1173 0 10 0.067
az1174 0 10 0.050
az1177 0 10 0.071
az1179 0 10 0.087
az1180 0 10 0.100
az1181 0 10 0.229
az1182 0 10 0.107
az1183 0 10 0.083
az1184 0 10 0.073
az1185 0 10 0.032
az1186 0 10 0.051
az1189 0 10 0.023
az1190 0 10 0.147
az1191 0 10 0.276
az1202 0 10 0.014
az1203 0 10 0.026
az1204 0 10 0.023
az1206 0 10 0.070
az1207 0 10 0.078
az1208 0 10 0.022
az1209 0 10 0.032
az1210 0 10 0.040
az1212 0 10 0.042
az1214 0 10 0.042
az1216 0 10 0.043
az1219 0 10 0.135
az1220 0 10 0.122
az1221 0 10 0.048
az1223 0 10 0.026
az1224 0 10 0.033
az1225 0 10 0.049
az1226 0 10 0.020
az1229 0 10 0.088
az1231 0 10 0.030
az1232 0 10 0.057
az1233 0 10 0.237
az1234 0 10 0.042
az1235 0 10 0.029
az1237 0 10 0.101
az1240 0 10 0.125
az1241 0 10 0.005
az1247 0 10 0.098
az1248 0 10 0.000
az1251 0 10 0.034
az1252 0 10 0.042
az1259 0 10 0.016
az1262 0 10 0.048
az1266 0 10 0.072
az1267 0 10 0.013
az1268 0 10 0.051
az1269 0 10 0.092
az1270 0 10 0.081
az1271 0 10 0.124
az1272 0 10 0.046
az1274 0 10 0.010
az1275 0 10 0.056
az1276 0 10 0.061
az1277 0 10 0.092
az1279 0 10 0.028
az1280 0 10 0.008
az1282 0 10 0.067
az1283 0 10 0.090
az1284 0 10 0.156
az1285 0 10 0.081
az1286 0 10 0.121
az1287 0 10 0.032
az1289 0 10 0.159
az1290 0 10 0.070
az1291 0 10 0.059
az1293 0 10 0.106
az1294 0 10 0.092
az1295 0 10 0.179
az1296 0 10 0.062
az1297 0 10 0.064
az1298 0 10 0.041
az1299 0 10 0.054
az1300 0 10 0.112
az1301 0 10 0.116
az1302 0 10 0.052
az1303 0 10 0.020
az1304 0 10 0.012
az1305 0 10 0.044
az1306 0 10 0.138
az1307 0 10 0.000
az1309 0 10 0.091
az1310 0 10 0.190
az1311 0 10 0.088
az1312 0 10 0.034
az1313 0 10 0.019
az1316 0 10 0.034
az1317 0 10 0.028
az1318 0 10 0.045
az1319 0 10 0.018
az1320 0 10 0.125
az1321 0 10 0.048
az1323 0 10 0.208
az1324 0 10 0.180
az1325 0 10 0.020
az1326 0 10 0.073
az1327 0 10 0.014
az1328 0 10 0.109
az1329 0 10 0.057
az1332 0 10 0.102
az1335 0 10 0.055
az1336 0 10 0.064
az1339 0 10 0.128
az1340 0 10 0.040
az1342 0 10 0.053
az1343 0 10 0.033
az1344 0 10 0.075
az1345 0 10 0.000
az1346 0 10 0.102
az1347 0 10 0.019
az1348 0 10 0.024
az1349 0 10 0.035
az1351 0 10 0.075
az1352 0 10 0.062
az1353 0 10 0.047
az1354 0 10 0.094
az1355 0 10 0.083
az1356 0 10 0.116
az1357 0 10 0.116
az1358 0 10 0.107
az1360 0 10 0.060
az1361 0 10 0.005
az1363 0 10 0.034
az1365 0 10 0.033
az1375 0 10 0.003
az1376 0 10 0.037
az1377 0 10 0.145
az1380 0 10 0.077
az1383 0 10 0.083
az1385 0 10 0.030
az1386 0 10 0.055
az1387 0 10 0.107
az1388 0 10 0.000
az1389 0 10 0.159
az1390 0 10 0.106
az1392 0 10 0.049
az1393 0 10 0.063
az1394 0 10 0.169
az1395 0 10 0.051
az1396 0 10 0.030
az1398 0 10 0.047
az1399 0 10 0.102
az1417 0 10 0.000
az1418 0 10 0.018
az1419 0 10 0.100
az1420 0 10 0.000
az1421 0 10 0.037
az1422 0 10 0.090
az1424 0 10 0.024
az1425 0 10 0.042
az1427 0 10 0.148
az1429 0 10 0.044
az1431 0 10 0.062
az1432 0 10 0.022
az1433 0 10 0.027
az1434 0 10 0.027
az1435 0 10 0.032
az1436 0 10 0.108
az1437 0 10 0.073
az1438 0 10 0.084
az1439 0 10 0.091
az1441 0 10 0.076
az1442 0 10 0.106
az1443 0 10 0.000
az1444 0 10 0.105
az1445 0 10 0.010
az1446 0 10 0.006
az1447 0 10 0.029
az1448 0 10 0.019
az1449 0 10 0.054
az1450 0 10 0.071
az1453 0 10 0.040
az1454 0 10 0.058
az1455 0 10 0.097
az1457 0 10 0.106
az1459 0 10 0.041
az1460 0 10 0.048
az1463 0 10 0.029
az1464 0 10 0.167
az1465 0 10 0.084
az1466 0 10 0.021
az1469 0 10 0.075
az1472 0 10 0.012
az1473 0 10 0.020
az1474 0 10 0.079
az1475 0 10 0.168
az1477 0 10 0.100
az1478 0 10 0.083
az1479 0 10 0.143
az1480 0 10 0.149
az1481 0 10 0.037
az1482 0 10 0.061
az1484 0 10 0.135
az1486 0 10 0.033
az1487 0 10 0.101
az1488 0 10 0.019
az1489 0 10 0.000
az1490 0 10 0.128
az1494 0 10 0.111
az1495 0 10 0.053
az1496 0 10 0.019
az1497 0 10 0.097
az1498 0 10 0.088
az1499 0 10 0.088
az1500 0 10 0.043
az1501 0 10 0.110
az1502 0 10 0.059
az1503 0 10 0.019
az1505 0 10 0.064
az1506 0 10 0.030
az1507 0 10 0.043
az1508 0 10 0.021
az1509 0 10 0.100
az1510 0 10 0.020
az1512 0 10 0.046
az1513 0 10 0.026
az1514 0 10 0.011
az1518 0 10 0.000
az1519 0 10 0.065
az1520 0 10 0.045
az1521 0 10 0.021
az1522 0 10 0.017
az1523 0 10 0.038
az1524 0 10 0.000
az1526 0 10 0.169
az1527 0 10 0.064
az1528 0 10 0.147
az1530 0 10 0.050
az1531 0 10 0.075
az1532 0 10 0.015
az1533 0 10 0.025
az1534 0 10 0.050
az1535 0 10 0.018
az1536 0 10 0.105
az1537 0 10 0.000
az1538 0 10 0.048
az1539 0 10 0.033
az1540 0 10 0.055
az1542 0 10 0.063
az1543 0 10 0.071
az1544 0 10 0.036
az1545 0 10 0.091
az1546 0 10 0.044
az1547 0 10 0.116
az1548 0 10 0.056
az1549 0 10 0.200
az1550 0 10 0.041
az1551 0 10 0.048
az1552 0 10 0.108
az1553 0 10 0.042
az1554 0 10 0.078
az1555 0 10 0.088
az1556 0 10 0.182
az1557 0 10 0.037
az1558 0 10 0.107
az1559 0 10 0.000
az1560 0 10 0.039
az1561 0 10 0.039
az1562 0 10 0.012
az1563 0 10 0.047
az1564 0 10 0.047
az1565 0 10 0.052
az1567 0 10 0.041
az1568 0 10 0.133
az1570 0 10 0.040
az1582 0 10 0.020
az1583 0 10 0.074
az1585 0 10 0.000
az1586 0 10 0.079
az1588 0 10 0.000
az1590 0 10 0.064
az1591 0 10 0.091
az1592 0 10 0.035
az1593 0 10 0.074
az1594 0 10 0.017
az1595 0 10 0.029
az1596 0 10 0.051
az1597 0 10 0.050
az1598 0 10 0.076
az1599 0 10 0.064
az1600 0 10 0.018
az1601 0 10 0.034
az1602 0 10 0.084
az1605 0 10 0.236
az1606 0 10 0.120
az1607 0 10 0.100
az1608 0 10 0.000
az1609 0 10 0.099
az1611 0 10 0.045
az1613 0 10 0.000
az1615 0 10 0.077
az1621 0 10 0.046
az1624 0 10 0.013
az1626 0 10 0.049
az1628 0 10 0.040
az1630 0 10 0.038
az1631 0 10 0.089
az1636 0 10 0.059
az1637 0 10 0.010
az1638 0 10 0.066
az1640 0 10 0.000
az1644 0 10 0.100
az1645 0 10 0.098
az1646 0 10 0.057
az1647 0 10 0.135
az1648 0 10 0.083
az1649 0 10 0.043
az1650 0 10 0.075
az1651 0 10 0.075
az1652 0 10 0.000
az1653 0 10 0.050
az1654 0 10 0.000
az1655 0 10 0.078
az1656 0 10 0.034
az1658 0 10 0.035
az1660 0 10 0.039
az1661 0 10 0.027
az1662 0 10 0.054
az1663 0 10 0.024
az1664 0 10 0.143
az1665 0 10 0.105
az1666 0 10 0.020
az1667 0 10 0.054
az1668 0 10 0.000
az1669 0 10 0.125
az1670 0 10 0.078
az1671 0 10 0.107
az1672 0 10 0.035
az1673 0 10 0.043
az1674 0 10 0.045
az1675 0 10 0.025
az1676 0 10 0.050
az1677 0 10 0.000
az1678 0 10 0.034
az1679 0 10 0.000
az1680 0 10 0.000
az1681 0 10 0.037
az1682 0 10 0.000
az1683 0 10 0.048
az1684 0 10 0.031
az1685 0 10 0.027
az1686 0 10 0.027
az1688 0 10 0.029
az1689 0 10 0.000
az1691 0 10 0.034
az1692 0 10 0.008
az1693 0 10 0.000
az1694 0 10 0.013
az1695 0 10 0.095
az1696 0 10 0.020
az1697 0 10 0.069
az1698 0 10 0.000
az1700 0 10 0.049
az1701 0 10 0.122
az1702 0 10 0.162
az1715 0 10 0.024
az1716 0 10 0.048
az1717 0 10 0.000
az1719 0 10 0.048
az1720 0 10 0.095
az1721 0 10 0.022
az1722 0 10 0.013
az1723 0 10 0.013
az1724 0 10 0.075
az1725 0 10 0.069
az1726 0 10 0.077
az1727 0 10 0.045
az1728 0 10 0.087
az1729 0 10 0.094
az1730 0 10 0.073
az1731 0 10 0.067
az1734 0 10 0.045
az1735 0 10 0.071
az1736 0 10 0.057
az1737 0 10 0.062
az1738 0 10 0.034
az1739 0 10 0.180
az1740 0 10 0.077
az1741 0 10 0.097
az1742 0 10 0.025
az1745 0 10 0.029
az1747 0 10 0.056
az1748 0 10 0.069
az1749 0 10 0.125
az1750 0 10 0.035
az1751 0 10 0.026
az1753 0 10 0.000
az1754 0 10 0.064
az1756 0 10 0.114
az1757 0 10 0.071
az1759 0 10 0.031
az1760 0 10 0.033
az1761 0 10 0.025
az1762 0 10 0.060
az1764 0 10 0.058
az1765 0 10 0.150
az1766 0 10 0.065
az1767 0 10 0.000
az1771 0 10 0.045
az1773 0 10 0.045
az1774 0 10 0.026
az1775 0 10 0.030
az1776 0 10 0.038
az1777 0 10 0.047
az1778 0 10 0.032
az1780 0 10 0.037
az1783 0 10 0.011
az1784 0 10 0.055
az1785 0 10 0.079
az1788 0 10 0.080
az1789 0 10 0.000
az1790 0 10 0.043
az1791 0 10 0.000
az1792 0 10 0.057
az1794 0 10 0.043
az1795 0 10 0.014
az1796 0 10 0.035
az1797 0 10 0.115
az1798 0 10 0.057
az1799 0 10 0.044
az1801 0 10 0.056
az1803 0 10 0.081
az1805 0 10 0.075
az1819 0 10 0.016
az1821 0 10 0.048
az1822 0 10 0.022
az1823 0 10 0.077
az1824 0 10 0.000
az1825 0 10 0.046
az1826 0 10 0.000
az1827 0 10 0.033
az1828 0 10 0.000
az1831 0 10 0.040
az1832 0 10 0.044
az1833 0 10 0.000
az1834 0 10 0.098
az1835 0 10 0.000
az1837 0 10 0.060
az1838 0 10 0.038
az1839 0 10 0.039
az1841 0 10 0.086
az1843 0 10 0.042
az1845 0 10 0.091
az1846 0 10 0.000
az1847 0 10 0.029
az1848 0 10 0.107
az1849 0 10 0.041
az1850 0 10 0.125
az1851 0 10 0.048
az1853 0 10 0.022
az1854 0 10 0.041
az1855 0 10 0.024
az1856 0 10 0.000
az1859 0 10 0.000
az1860 0 10 0.025
az1862 0 10 0.046
az1865 0 10 0.025
az1866 0 10 0.095
az1867 0 10 0.095
az1868 0 10 0.029
az1869 0 10 0.012
az1870 0 10 0.026
az1871 0 10 0.051
az1873 0 10 0.042
az1874 0 10 0.000
az1877 0 10 0.014
az1878 0 10 0.029
az1880 0 10 0.026
az1881 0 10 0.049
az1882 0 10 0.041
az1894 0 10 0.000
az1895 0 10 0.043
az1896 0 10 0.033
az1897 0 10 0.040
az1899 0 10 0.000
az1900 0 10 0.094
az1901 0 10 0.024
az1902 0 10 0.026
az1904 0 10 0.071
az1905 0 10 0.000
az1907 0 10 0.016
az1908 0 10 0.031
az1910 0 10 0.000
az1911 0 10 0.039
az1912 0 10 0.024
az1913 0 10 0.085
az1914 0 10 0.000
az1917 0 10 0.044
az1918 0 10 0.000
az1920 0 10 0.000
az1922 0 10 0.029
az1923 0 10 0.056
az1925 0 10 0.033
az1926 0 10 0.024
az1927 0 10 0.056
az1928 0 10 0.040
az1929 0 10 0.028
az1930 0 10 0.000
az1931 0 10 0.043
az1932 0 10 0.090
az1933 0 10 0.038
az1935 0 10 0.022
az1936 0 10 0.019
az1938 0 10 0.022
az1949 0 10 0.031
az1951 0 10 0.000
az1952 0 10 0.032
az1953 0 10 0.021
az1954 0 10 0.000
az1955 0 10 0.065
az1956 0 10 0.022
az1957 0 10 0.040
az1958 0 10 0.000
az1960 0 10 0.044
az1961 0 10 0.027
az1963 0 10 0.033
az1964 0 10 0.027
az1965 0 10 0.030
az1966 0 10 0.000
az1969 0 10 0.029
az1970 0 10 0.024
az1971 0 10 0.000
az1972 0 10 0.022
az1984 0 10 0.037
az1985 0 10 0.048
az1986 0 10 0.035
az1987 0 10 0.029
az1988 0 10 0.029
az1989 0 10 0.020
az1990 0 10 0.024
az2001 0 10 0.016
