az427 0 10 0.008
az552 0 10 0.017
az558 0 10 0.038
az565 0 10 0.048
az567 0 10 0.015
az568 0 10 0.024
az569 0 10 0.013
az579 0 10 0.020
az602 0 10 0.006
az603 0 10 0.006
az736 0 10 0.012
az738 0 10 0.000
az739 0 10 0.011
az740 0 10 0.021
az749 0 10 0.019
az759 0 10 0.006
az760 0 10 0.035
az764 0 10 0.015
az765 0 10 0.022
az766 0 10 0.012
az767 0 10 0.031
az768 0 10 0.027
az769 0 10 0.016
az770 0 10 0.012
az771 0 10 0.012
az772 0 10 0.008
az773 0 10 0.009
az774 0 10 0.043
az775 0 10 0.045
az776 0 10 0.008
az777 0 10 0.012
az778 0 10 0.019
az779 0 10 0.012
az780 0 10 0.013
az781 0 10 0.030
az782 0 10 0.017
az783 0 10 0.052
az784 0 10 0.036
az785 0 10 0.025
az786 0 10 0.025
az787 0 10 0.058
az788 0 10 0.033
az789 0 10 0.034
az790 0 10 0.025
az802 0 10 0.002
az838 0 10 0.021
az842 0 10 0.015
az980 0 10 0.016
az988 0 10 0.029
az991 0 10 0.013
az996 0 10 0.013
az999 0 10 0.024
az1000 0 10 0.000
az1014 0 10 0.054
az1020 0 10 0.033
az1021 0 10 0.019
az1022 0 10 0.013
az1039 0 10 0.008
az1040 0 10 0.007
az1044 0 10 0.010
az1045 0 10 0.007
az1046 0 10 0.011
az1050 0 10 0.013
az1054 0 10 0.025
az1079 0 10 0.037
az1080 0 10 0.048
az1081 0 10 0.014
az1085 0 10 0.025
az1086 0 10 0.024
az1091 0 10 0.020
az1092 0 10 0.000
az1094 0 10 0.000
az1096 0 10 0.021
az1097 0 10 0.033
az1098 0 10 0.043
az1099 0 10 0.000
az1107 0 10 0.007
az1108 0 10 0.021
az1109 0 10 0.051
az1110 0 10 0.006
az1111 0 10 0.022
az1112 0 10 0.083
az1113 0 10 0.014
az1114 0 10 0.000
az1116 0 10 0.018
az1118 0 10 0.009
az1124 0 10 0.025
az1125 0 10 0.014
az1126 0 10 0.029
az1128 0 10 0.050
az1129 0 10 0.023
az1131 0 10 0.008
az1132 0 10 0.046
az1134 0 10 0.023
az1135 0 10 0.029
az1136 0 10 0.047
az1137 0 10 0.014
az1138 0 10 0.023
az1139 0 10 0.017
az1141 0 10 0.000
az1143 0 10 0.000
az1144 0 10 0.027
az1151 0 10 0.018
az1153 0 10 0.007
az1155 0 10 0.027
az1157 0 10 0.015
az1168 0 10 0.010
az1171 0 10 0.033
az1175 0 10 0.032
az1178 0 10 0.019
az1185 0 10 0.008
az1187 0 10 0.032
az1189 0 10 0.000
az1202 0 10 0.007
az1203 0 10 0.013
az1204 0 10 0.014
az1208 0 10 0.014
az1213 0 10 0.023
az1214 0 10 0.041
az1215 0 10 0.023
az1216 0 10 0.018
az1217 0 10 0.030
az1218 0 10 0.008
az1221 0 10 0.020
az1222 0 10 0.030
az1228 0 10 0.000
az1230 0 10 0.003
az1231 0 10 0.015
az1235 0 10 0.021
az1236 0 10 0.001
az1238 0 10 0.000
az1239 0 10 0.000
az1241 0 10 0.026
az1242 0 10 0.000
az1243 0 10 0.017
az1244 0 10 0.000
az1245 0 10 0.025
az1248 0 10 0.000
az1249 0 10 0.091
az1250 0 10 0.068
az1254 0 10 0.015
az1255 0 10 0.000
az1256 0 10 0.010
az1257 0 10 0.036
az1258 0 10 0.022
az1259 0 10 0.000
az1261 0 10 0.000
az1262 0 10 0.004
az1263 0 10 0.022
az1265 0 10 0.000
az1270 0 10 0.015
az1273 0 10 0.025
az1278 0 10 0.038
az1279 0 10 0.011
az1281 0 10 0.007
az1287 0 10 0.016
az1298 0 10 0.018
az1304 0 10 0.011
az1305 0 10 0.014
az1307 0 10 0.017
az1314 0 10 0.011
az1315 0 10 0.016
az1316 0 10 0.007
az1322 0 10 0.011
az1327 0 10 0.014
az1330 0 10 0.036
az1331 0 10 0.045
az1333 0 10 0.017
az1334 0 10 0.007
az1335 0 10 0.023
az1337 0 10 0.011
az1338 0 10 0.018
az1341 0 10 0.016
az1359 0 10 0.017
az1360 0 10 0.021
az1367 0 10 0.006
az1368 0 10 0.002
az1369 0 10 0.029
az1376 0 10 0.007
az1382 0 10 0.000
az1400 0 10 0.042
az1402 0 10 0.000
az1403 0 10 0.004
az1414 0 10 0.000
az1415 0 10 0.012
az1416 0 10 0.013
az1423 0 10 0.031
az1430 0 10 0.033
az1431 0 10 0.000
az1433 0 10 0.000
az1434 0 10 0.005
az1436 0 10 0.005
az1441 0 10 0.000
az1442 0 10 0.011
az1444 0 10 0.000
az1446 0 10 0.007
az1447 0 10 0.007
az1450 0 10 0.036
az1451 0 10 0.021
az1452 0 10 0.006
az1453 0 10 0.004
az1458 0 10 0.010
az1459 0 10 0.032
az1460 0 10 0.009
az1461 0 10 0.034
az1462 0 10 0.028
az1465 0 10 0.007
az1467 0 10 0.000
az1468 0 10 0.000
az1470 0 10 0.000
az1471 0 10 0.005
az1474 0 10 0.000
az1476 0 10 0.012
az1478 0 10 0.000
az1479 0 10 0.048
az1481 0 10 0.009
az1482 0 10 0.061
az1483 0 10 0.006
az1484 0 10 0.004
az1485 0 10 0.022
az1486 0 10 0.016
az1489 0 10 0.016
az1497 0 10 0.017
az1498 0 10 0.029
az1508 0 10 0.009
az1510 0 10 0.007
az1511 0 10 0.017
az1512 0 10 0.017
az1513 0 10 0.011
az1514 0 10 0.011
az1517 0 10 0.033
az1519 0 10 0.000
az1520 0 10 0.020
az1521 0 10 0.014
az1522 0 10 0.000
az1523 0 10 0.006
az1531 0 10 0.019
az1534 0 10 0.000
az1537 0 10 0.030
az1542 0 10 0.016
az1544 0 10 0.010
az1546 0 10 0.000
az1560 0 10 0.011
az1561 0 10 0.000
az1562 0 10 0.012
az1566 0 10 0.006
az1568 0 10 0.000
az1569 0 10 0.004
az1581 0 10 0.000
az1582 0 10 0.013
az1583 0 10 0.000
az1584 0 10 0.005
az1585 0 10 0.000
az1586 0 10 0.022
az1587 0 10 0.000
az1588 0 10 0.000
az1589 0 10 0.000
az1590 0 10 0.000
az1591 0 10 0.045
az1592 0 10 0.001
az1593 0 10 0.008
az1594 0 10 0.013
az1595 0 10 0.004
az1596 0 10 0.026
az1597 0 10 0.050
az1598 0 10 0.000
az1599 0 10 0.023
az1600 0 10 0.000
az1601 0 10 0.034
az1602 0 10 0.034
az1604 0 10 0.000
az1612 0 10 0.000
az1613 0 10 0.000
az1614 0 10 0.000
az1615 0 10 0.077
az1618 0 10 0.017
az1620 0 10 0.025
az1628 0 10 0.009
az1634 0 10 0.004
az1635 0 10 0.000
az1636 0 10 0.003
az1637 0 10 0.016
az1641 0 10 0.048
az1642 0 10 0.000
az1643 0 10 0.000
az1680 0 10 0.000
az1684 0 10 0.003
az1685 0 10 0.007
az1686 0 10 0.027
az1687 0 10 0.040
az1696 0 10 0.003
az1703 0 10 0.000
az1714 0 10 0.000
az1715 0 10 0.000
az1716 0 10 0.012
az1717 0 10 0.000
az1718 0 10 0.000
az1719 0 10 0.000
az1720 0 10 0.048
az1721 0 10 0.011
az1722 0 10 0.000
az1723 0 10 0.013
az1724 0 10 0.000
az1725 0 10 0.005
az1726 0 10 0.000
az1727 0 10 0.000
az1728 0 10 0.000
az1729 0 10 0.000
az1730 0 10 0.000
az1731 0 10 0.000
az1732 0 10 0.000
az1733 0 10 0.010
az1734 0 10 0.000
az1735 0 10 0.022
az1736 0 10 0.029
az1737 0 10 0.000
az1738 0 10 0.002
az1739 0 10 0.000
az1740 0 10 0.000
az1741 0 10 0.032
az1742 0 10 0.000
az1744 0 10 0.000
az1780 0 10 0.000
az1783 0 10 0.017
az1784 0 10 0.038
az1789 0 10 0.000
az1790 0 10 0.021
az1791 0 10 0.050
az1792 0 10 0.000
az1794 0 10 0.000
az1795 0 10 0.005
az1804 0 10 0.026
az1823 0 10 0.000
az1824 0 10 0.000
az1826 0 10 0.000
az1827 0 10 0.033
az1829 0 10 0.000
az1830 0 10 0.000
az1831 0 10 0.000
az1833 0 10 0.073
az1834 0 10 0.000
az1835 0 10 0.018
az1837 0 10 0.009
az1838 0 10 0.019
az1840 0 10 0.000
az1841 0 10 0.000
az1846 0 10 0.000
az1847 0 10 0.004
az1848 0 10 0.000
az1849 0 10 0.000
az1854 0 10 0.014
az1857 0 10 0.013
az1859 0 10 0.000
az1863 0 10 0.000
az1865 0 10 0.000
az1870 0 10 0.026
az1871 0 10 0.021
az1872 0 10 0.011
az1876 0 10 0.010
az1878 0 10 0.014
az1881 0 10 0.000
az1882 0 10 0.000
az1883 0 10 0.018
az1894 0 10 0.077
az1895 0 10 0.000
az1896 0 10 0.000
az1899 0 10 0.000
az1900 0 10 0.000
az1901 0 10 0.013
az1903 0 10 0.004
az1904 0 10 0.000
az1907 0 10 0.009
az1908 0 10 0.008
az1909 0 10 0.006
az1913 0 10 0.000
az1914 0 10 0.045
az1915 0 10 0.000
az1916 0 10 0.004
az1917 0 10 0.006
az1918 0 10 0.000
az1919 0 10 0.003
az1920 0 10 0.000
az1921 0 10 0.014
az1929 0 10 0.000
az1935 0 10 0.000
az1936 0 10 0.000
az1937 0 10 0.014
az1950 0 10 0.000
az1951 0 10 0.000
az1952 0 10 0.003
az1954 0 10 0.000
az1955 0 10 0.022
az1956 0 10 0.012
az1957 0 10 0.014
az1958 0 10 0.000
az1959 0 10 0.019
az1960 0 10 0.007
az1962 0 10 0.000
az1963 0 10 0.005
az1967 0 10 0.000
az1969 0 10 0.006
az1971 0 10 0.000
az1972 0 10 0.000
az1983 0 10 0.006
az1984 0 10 0.000
az1985 0 10 0.000
az1987 0 10 0.003
az1988 0 10 0.005
az1989 0 10 0.004
az1990 0 10 0.000
az2001 0 10 0.001
