az35 0 10 0.984
az101 0 10 0.343
az120 0 10 0.939
az145 0 10 0.875
az183 0 10 0.938
az193 0 10 0.958
az197 0 10 0.852
az203 0 10 0.379
az211 0 10 0.833
az217 0 10 0.912
az232 0 10 0.270
az234 0 10 0.836
az247 0 10 0.798
az248 0 10 0.914
az249 0 10 0.411
az251 0 10 0.849
az257 0 10 0.796
az259 0 10 0.273
az261 0 10 0.122
az262 0 10 0.741
az263 0 10 0.792
az272 0 10 0.871
az274 0 10 0.739
az276 0 10 0.270
az277 0 10 0.897
az281 0 10 0.313
az287 0 10 0.208
az288 0 10 0.274
az289 0 10 0.839
az290 0 10 0.322
az291 0 10 0.836
az294 0 10 0.860
az300 0 10 0.144
az301 0 10 0.447
az302 0 10 0.263
az303 0 10 0.320
az304 0 10 0.967
az306 0 10 0.259
az308 0 10 0.244
az310 0 10 0.722
az329 0 10 0.441
az334 0 10 0.374
az335 0 10 0.850
az339 0 10 0.406
az341 0 10 0.835
az342 0 10 0.240
az343 0 10 0.740
az344 0 10 0.127
az345 0 10 0.311
az352 0 10 0.190
az353 0 10 0.246
az354 0 10 0.337
az355 0 10 0.298
az359 0 10 0.373
az362 0 10 0.035
az364 0 10 0.253
az366 0 10 0.847
az371 0 10 0.874
az377 0 10 0.850
az378 0 10 0.849
az384 0 10 0.897
az391 0 10 0.749
az394 0 10 0.325
az397 0 10 0.330
az451 0 10 0.329
az452 0 10 0.896
az467 0 10 0.243
az470 0 10 0.520
az473 0 10 0.288
az481 0 10 0.000
az490 0 10 0.451
az493 0 10 0.272
az494 0 10 0.475
az502 0 10 0.857
az508 0 10 0.831
az510 0 10 0.739
az512 0 10 0.763
az513 0 10 0.130
az514 0 10 0.095
az515 0 10 0.724
az516 0 10 0.806
az518 0 10 0.493
az519 0 10 0.221
az521 0 10 0.292
az523 0 10 0.898
az526 0 10 0.267
az530 0 10 0.792
az532 0 10 0.186
az534 0 10 0.246
az536 0 10 0.821
az537 0 10 0.653
az540 0 10 0.119
az541 0 10 0.161
az545 0 10 0.050
az546 0 10 0.077
az549 0 10 0.344
az566 0 10 0.842
az573 0 10 0.581
az577 0 10 0.349
az591 0 10 0.879
az592 0 10 0.814
az605 0 10 0.714
az607 0 10 0.852
az614 0 10 0.538
az615 0 10 0.952
az616 0 10 0.255
az619 0 10 0.160
az621 0 10 0.713
az625 0 10 0.174
az626 0 10 0.075
az627 0 10 0.186
az628 0 10 0.773
az632 0 10 0.441
az648 0 10 0.302
az650 0 10 0.049
az655 0 10 0.065
az661 0 10 0.409
az667 0 10 0.156
az668 0 10 0.786
az670 0 10 0.294
az671 0 10 0.067
az677 0 10 0.135
az683 0 10 0.189
az685 0 10 0.615
az689 0 10 0.537
az698 0 10 0.029
az699 0 10 0.821
az700 0 10 0.425
az701 0 10 0.741
az702 0 10 0.089
az703 0 10 0.478
az705 0 10 0.309
az706 0 10 0.468
az707 0 10 0.356
az710 0 10 0.222
az713 0 10 0.743
az725 0 10 0.089
az726 0 10 0.244
az731 0 10 0.046
az732 0 10 0.175
az734 0 10 0.487
az735 0 10 0.089
az747 0 10 0.070
az748 0 10 0.164
az750 0 10 0.257
az755 0 10 0.062
az758 0 10 0.411
az769 0 10 0.207
az794 0 10 0.205
az795 0 10 0.100
az796 0 10 0.142
az797 0 10 0.220
az798 0 10 0.150
az803 0 10 0.175
az804 0 10 0.070
az805 0 10 0.259
az806 0 10 0.203
az811 0 10 0.280
az820 0 10 0.167
az827 0 10 0.763
az830 0 10 0.145
az831 0 10 0.415
az835 0 10 0.320
az836 0 10 0.210
az846 0 10 0.712
az847 0 10 0.108
az850 0 10 0.085
az854 0 10 0.092
az856 0 10 0.059
az860 0 10 0.250
az866 0 10 0.430
az868 0 10 0.171
az869 0 10 0.472
az870 0 10 0.093
az874 0 10 0.493
az877 0 10 0.761
az895 0 10 0.568
az896 0 10 0.181
az901 0 10 0.462
az902 0 10 0.194
az903 0 10 0.096
az904 0 10 0.053
az905 0 10 0.298
az912 0 10 0.035
az915 0 10 0.280
az921 0 10 0.555
az929 0 10 0.119
az931 0 10 0.024
az933 0 10 0.542
az935 0 10 0.400
az938 0 10 0.111
az942 0 10 0.392
az945 0 10 0.122
az946 0 10 0.744
az953 0 10 0.273
az954 0 10 0.625
az955 0 10 0.440
az957 0 10 0.241
az959 0 10 0.358
az963 0 10 0.203
az964 0 10 0.692
az977 0 10 0.308
az978 0 10 0.065
az981 0 10 0.035
az982 0 10 0.032
az986 0 10 0.084
az989 0 10 0.347
az991 0 10 0.142
az1006 0 10 0.164
az1011 0 10 0.394
az1013 0 10 0.195
az1014 0 10 0.137
az1015 0 10 0.619
az1025 0 10 0.258
az1026 0 10 0.784
az1030 0 10 0.131
az1033 0 10 0.134
az1034 0 10 0.372
az1035 0 10 0.182
az1036 0 10 0.397
az1038 0 10 0.429
az1042 0 10 0.186
az1043 0 10 0.255
az1047 0 10 0.078
az1054 0 10 0.256
az1060 0 10 0.600
az1062 0 10 0.500
az1065 0 10 0.308
az1066 0 10 0.250
az1067 0 10 0.353
az1070 0 10 0.079
az1077 0 10 0.308
az1086 0 10 0.205
az1090 0 10 0.440
az1097 0 10 0.165
az1100 0 10 0.047
az1102 0 10 0.115
az1103 0 10 0.286
az1104 0 10 0.335
az1106 0 10 0.420
az1116 0 10 0.117
az1117 0 10 0.036
az1125 0 10 0.168
az1133 0 10 0.283
az1145 0 10 0.222
az1147 0 10 0.172
az1151 0 10 0.243
az1154 0 10 0.243
az1156 0 10 0.256
az1165 0 10 0.625
az1166 0 10 0.056
az1172 0 10 0.293
az1205 0 10 0.040
az1206 0 10 0.105
az1210 0 10 0.044
az1211 0 10 0.308
az1215 0 10 0.182
az1218 0 10 0.183
az1219 0 10 0.081
az1220 0 10 0.242
az1227 0 10 0.095
az1230 0 10 0.109
az1232 0 10 0.108
az1235 0 10 0.293
az1237 0 10 0.023
az1238 0 10 0.199
az1239 0 10 0.277
az1243 0 10 0.034
az1244 0 10 0.161
az1245 0 10 0.034
az1249 0 10 0.136
az1250 0 10 0.034
az1254 0 10 0.103
az1256 0 10 0.036
az1257 0 10 0.071
az1260 0 10 0.656
az1262 0 10 0.032
az1263 0 10 0.126
az1264 0 10 0.050
az1268 0 10 0.144
az1270 0 10 0.280
az1271 0 10 0.149
az1273 0 10 0.069
az1278 0 10 0.191
az1279 0 10 0.134
az1281 0 10 0.387
az1282 0 10 0.147
az1286 0 10 0.255
az1290 0 10 0.428
az1291 0 10 0.082
az1294 0 10 0.036
az1296 0 10 0.090
az1297 0 10 0.021
az1301 0 10 0.190
az1302 0 10 0.160
az1308 0 10 0.096
az1309 0 10 0.121
az1311 0 10 0.228
az1313 0 10 0.327
az1326 0 10 0.205
az1338 0 10 0.177
az1339 0 10 0.045
az1344 0 10 0.075
az1346 0 10 0.042
az1347 0 10 0.279
az1362 0 10 0.045
az1363 0 10 0.345
az1364 0 10 0.452
az1365 0 10 0.600
az1366 0 10 0.354
az1369 0 10 0.514
az1371 0 10 0.057
az1372 0 10 0.278
az1373 0 10 0.100
az1375 0 10 0.480
az1377 0 10 0.213
az1380 0 10 0.154
az1381 0 10 0.256
az1382 0 10 0.043
az1384 0 10 0.097
az1386 0 10 0.278
az1387 0 10 0.293
az1390 0 10 0.269
az1393 0 10 0.018
az1416 0 10 0.253
az1417 0 10 0.138
az1423 0 10 0.062
az1424 0 10 0.071
az1426 0 10 0.115
az1428 0 10 0.200
az1429 0 10 0.034
az1430 0 10 0.017
az1432 0 10 0.043
az1435 0 10 0.052
az1438 0 10 0.115
az1440 0 10 0.053
az1443 0 10 0.000
az1445 0 10 0.111
az1450 0 10 0.179
az1451 0 10 0.196
az1452 0 10 0.129
az1453 0 10 0.058
az1456 0 10 0.172
az1457 0 10 0.055
az1461 0 10 0.117
az1462 0 10 0.030
az1463 0 10 0.118
az1467 0 10 0.256
az1472 0 10 0.077
az1474 0 10 0.053
az1476 0 10 0.151
az1477 0 10 0.154
az1483 0 10 0.237
az1488 0 10 0.113
az1490 0 10 0.106
az1492 0 10 0.039
az1493 0 10 0.273
az1495 0 10 0.421
az1496 0 10 0.123
az1503 0 10 0.033
az1504 0 10 0.029
az1505 0 10 0.168
az1513 0 10 0.105
az1515 0 10 0.066
az1516 0 10 0.043
az1518 0 10 0.060
az1524 0 10 0.077
az1525 0 10 0.103
az1527 0 10 0.051
az1528 0 10 0.000
az1529 0 10 0.037
az1530 0 10 0.300
az1533 0 10 0.063
az1534 0 10 0.100
az1543 0 10 0.194
az1544 0 10 0.050
az1545 0 10 0.091
az1551 0 10 0.190
az1552 0 10 0.096
az1557 0 10 0.200
az1558 0 10 0.021
az1559 0 10 0.163
az1562 0 10 0.118
az1563 0 10 0.104
az1564 0 10 0.142
az1566 0 10 0.100
az1568 0 10 0.167
az1581 0 10 0.242
az1582 0 10 0.035
az1583 0 10 0.037
az1586 0 10 0.080
az1588 0 10 0.163
az1589 0 10 0.083
az1595 0 10 0.060
az1597 0 10 0.150
az1601 0 10 0.103
az1602 0 10 0.112
az1603 0 10 0.065
az1604 0 10 0.057
az1608 0 10 0.074
az1609 0 10 0.226
az1610 0 10 0.021
az1611 0 10 0.028
az1616 0 10 0.060
az1617 0 10 0.094
az1619 0 10 0.035
az1621 0 10 0.056
az1622 0 10 0.045
az1623 0 10 0.058
az1624 0 10 0.032
az1625 0 10 0.028
az1626 0 10 0.083
az1627 0 10 0.050
az1629 0 10 0.077
az1631 0 10 0.418
az1632 0 10 0.119
az1633 0 10 0.059
az1634 0 10 0.190
az1637 0 10 0.167
az1638 0 10 0.045
az1639 0 10 0.042
az1640 0 10 0.250
az1641 0 10 0.190
az1643 0 10 0.222
az1644 0 10 0.133
az1647 0 10 0.095
az1648 0 10 0.109
az1650 0 10 0.177
az1652 0 10 0.043
az1654 0 10 0.267
az1656 0 10 0.031
az1657 0 10 0.077
az1658 0 10 0.132
az1659 0 10 0.038
az1661 0 10 0.270
az1662 0 10 0.104
az1669 0 10 0.083
az1674 0 10 0.114
az1675 0 10 0.275
az1677 0 10 0.074
az1678 0 10 0.072
az1680 0 10 0.682
az1683 0 10 0.029
az1684 0 10 0.087
az1687 0 10 0.120
az1688 0 10 0.057
az1689 0 10 0.097
az1690 0 10 0.029
az1691 0 10 0.057
az1692 0 10 0.070
az1695 0 10 0.035
az1696 0 10 0.184
az1697 0 10 0.103
az1699 0 10 0.042
az1701 0 10 0.041
az1702 0 10 0.023
az1703 0 10 0.053
az1714 0 10 0.100
az1716 0 10 0.069
az1718 0 10 0.103
az1721 0 10 0.366
az1724 0 10 0.037
az1725 0 10 0.229
az1731 0 10 0.033
az1732 0 10 0.017
az1733 0 10 0.125
az1734 0 10 0.090
az1736 0 10 0.114
az1738 0 10 0.109
az1743 0 10 0.080
az1744 0 10 0.030
az1745 0 10 0.092
az1746 0 10 0.129
az1747 0 10 0.056
az1748 0 10 0.009
az1749 0 10 0.167
az1750 0 10 0.118
az1751 0 10 0.077
az1752 0 10 0.035
az1753 0 10 0.000
az1755 0 10 0.041
az1756 0 10 0.071
az1758 0 10 0.038
az1759 0 10 0.101
az1761 0 10 0.025
az1762 0 10 0.219
az1763 0 10 0.050
az1764 0 10 0.050
az1768 0 10 0.031
az1769 0 10 0.085
az1771 0 10 0.006
az1773 0 10 0.136
az1774 0 10 0.009
az1775 0 10 0.057
az1777 0 10 0.033
az1778 0 10 0.153
az1779 0 10 0.057
az1781 0 10 0.036
az1782 0 10 0.095
az1785 0 10 0.079
az1786 0 10 0.058
az1787 0 10 0.018
az1791 0 10 0.000
az1793 0 10 0.097
az1794 0 10 0.087
az1795 0 10 0.313
az1798 0 10 0.021
az1799 0 10 0.053
az1800 0 10 0.062
az1801 0 10 0.049
az1802 0 10 0.068
az1804 0 10 0.044
az1805 0 10 0.050
az1806 0 10 0.047
az1807 0 10 0.070
az1818 0 10 0.021
az1819 0 10 0.081
az1820 0 10 0.070
az1821 0 10 0.045
az1822 0 10 0.096
az1823 0 10 0.000
az1825 0 10 0.037
az1826 0 10 0.038
az1827 0 10 0.100
az1828 0 10 0.161
az1829 0 10 0.085
az1830 0 10 0.167
az1832 0 10 0.043
az1833 0 10 0.073
az1834 0 10 0.078
az1836 0 10 0.057
az1837 0 10 0.000
az1838 0 10 0.094
az1839 0 10 0.070
az1840 0 10 0.087
az1841 0 10 0.143
az1842 0 10 0.052
az1843 0 10 0.047
az1844 0 10 0.098
az1845 0 10 0.019
az1848 0 10 0.107
az1850 0 10 0.094
az1851 0 10 0.062
az1852 0 10 0.069
az1853 0 10 0.067
az1854 0 10 0.110
az1855 0 10 0.025
az1856 0 10 0.079
az1857 0 10 0.045
az1858 0 10 0.036
az1859 0 10 0.065
az1861 0 10 0.058
az1864 0 10 0.104
az1866 0 10 0.048
az1869 0 10 0.119
az1870 0 10 0.105
az1872 0 10 0.027
az1873 0 10 0.053
az1875 0 10 0.075
az1876 0 10 0.041
az1877 0 10 0.116
az1878 0 10 0.042
az1879 0 10 0.106
az1880 0 10 0.179
az1881 0 10 0.171
az1882 0 10 0.176
az1883 0 10 0.083
az1895 0 10 0.087
az1896 0 10 0.180
az1897 0 10 0.071
az1898 0 10 0.043
az1901 0 10 0.044
az1902 0 10 0.059
az1903 0 10 0.040
az1904 0 10 0.036
az1905 0 10 0.086
az1906 0 10 0.080
az1907 0 10 0.059
az1908 0 10 0.035
az1909 0 10 0.026
az1910 0 10 0.091
az1911 0 10 0.062
az1913 0 10 0.085
az1915 0 10 0.044
az1916 0 10 0.095
az1917 0 10 0.023
az1918 0 10 0.111
az1919 0 10 0.068
az1920 0 10 0.125
az1921 0 10 0.046
az1922 0 10 0.000
az1923 0 10 0.053
az1924 0 10 0.159
az1925 0 10 0.046
az1926 0 10 0.122
az1927 0 10 0.097
az1928 0 10 0.060
az1929 0 10 0.056
az1930 0 10 0.111
az1931 0 10 0.060
az1932 0 10 0.060
az1933 0 10 0.015
az1934 0 10 0.084
az1937 0 10 0.044
az1938 0 10 0.063
az1949 0 10 0.079
az1950 0 10 0.068
az1951 0 10 0.106
az1952 0 10 0.083
az1953 0 10 0.101
az1954 0 10 0.000
az1955 0 10 0.109
az1956 0 10 0.053
az1959 0 10 0.043
az1960 0 10 0.058
az1961 0 10 0.050
az1962 0 10 0.041
az1963 0 10 0.066
az1964 0 10 0.037
az1965 0 10 0.060
az1966 0 10 0.088
az1967 0 10 0.077
az1968 0 10 0.004
az1969 0 10 0.008
az1970 0 10 0.067
az1971 0 10 0.175
az1983 0 10 0.057
az1984 0 10 0.067
az1985 0 10 0.143
az1986 0 10 0.054
az1987 0 10 0.073
az1988 0 10 0.075
az1989 0 10 0.063
az1990 0 10 0.024
az2001 0 10 0.082
